Mixture	bd_highCXCR4_like	tn_lowCD74_like	bd_cycling_like	tn_cycling_like	bd_end_like	bd_lowCXCR4_like	bd_pb_like	tn_highCD74_like	P-value	Correlation	RMSE
MMRF_1110	0.274535810025474	0	0.0606790601137421	0	0.223317344222295	0.402521828154206	0.0389459574842826	0	0	0.188753581917098	0.997111845067039
MMRF_1205	0.274065969890741	0.25503240373274	0.0505644509613381	0.0294513688887162	0.333544925281887	0.040600017694611	0.0167408635499664	0	0	0.124519038815234	1.00579019363107
MMRF_2011	0.237124501457876	0.075105432847328	0.0562369985192355	0	0.513954392049488	0.0484129215094739	0.0691657536165985	0	0.01	0.0880206217251307	1.00452000774935
MMRF_1285	0	0.118767339127718	0.115229048801249	0	0.0860885979196553	0.667184504008774	0.0127305101426033	0	0.01	0.0892461829781632	1.00650851056183
MMRF_1079	0.188430462741277	0	0.333271747311996	0	0.0761375790704528	0.34282967483904	0.0593305360372342	0	0.01	0.0860047663547499	1.00266003009428
MMRF_1686	0.236177497375715	0.195764116543219	0.0273099887172391	0	0.328812457706033	0.193363257555636	0.0185726821021582	0	0	0.158997177656054	1.00479457243958
MMRF_1193	0	0.301535657255014	0.124293637326873	0	0.158154822096077	0.405103190412873	0.0109126929091633	0	0	0.186581072837454	1.00210729119575
MMRF_1671	0.302998057266536	0	0.0858763083010383	0.00679909054171138	0.330041172872054	0.230981052196727	0.0433043188219337	0	0	0.194097246466694	0.995590082539229
MMRF_1650	0.454534713348673	0.0127384322888782	0.0192785453673219	0	0.461568022281798	0	0.0518802867133289	0	0	0.223198416094324	0.992283654137185
MMRF_1462	0.0928984147711604	0.30124544312794	0.267263600688013	0	0.223553491628304	0.103563373736928	0.0114756760476548	0	0	0.282880790726195	0.991946132345904
MMRF_2089	0.0300047882961005	0.175263832492028	0.683116589578098	0.0781519151637788	0	0.0303328653323575	0	0.00313000913763762	0	0.438596843859001	0.946442544714747
MMRF_2089.1	0	0.227751491334366	0.589836403803717	0.095639494863093	0	0.0757309036918518	0	0.0110417063069726	0	0.352958701517433	0.962607612399969
MMRF_1229	0.177601372037706	0.291949738245864	0.0380781354649047	0.023344267476029	0.203847420109854	0.260672340574366	0.00450672609127543	0	0.01	0.095348434367393	1.00860334545939
MMRF_1193.1	0.219446393931741	0.125992197738501	0.0529299943096467	0	0.28105950968027	0.28340141313688	0.0371704912029614	0	0.04	0.0656862521627806	1.00742346571832
MMRF_2373	0.0136551830669186	0	0.772203540240565	0.0934067362698892	0	0.120734540422627	0	0	0	0.345982965796796	0.957760909096186
MMRF_1157	0.413637808448918	0	0.0618040548716587	0.0398013780169338	0.48475675866249	0	0	0	0	0.397380363222075	0.992200995318403
MMRF_1085	0.414925031433435	0.00546235457925809	0.358981275249525	0.0268465734259449	0.0446453991205969	0.149139366191241	0	0	0	0.15183273518873	0.99916056398244
MMRF_1061	0.345289016462775	0.081704545680943	0.03597525047759	0	0.498348004733018	0	0.0386831826456746	0	0	0.224991536293967	0.995893049065112
MMRF_1219	0.487810390907246	0.0991223519941402	0	0.0196104463721518	0.287712941402117	0.0210355109102978	0.0847083584140472	0	0.07	0.0575232818486175	1.00953188651201
MMRF_1462.1	0.128546354940869	0.352051904899149	0.302916078354052	0	0.0728287256150154	0.126056798767454	0.0176001374234602	0	0	0.27103432546964	0.990326517257476
MMRF_1790	0.347380317217519	0.0748114298078031	0.096987052620038	0	0.3415376422466	0.0570125629729257	0.0822709951351143	0	0.01	0.0936341694628521	1.00342205779289
MMRF_1790.1	0.383339466399472	0	0.225544131001929	0	0.103304063051256	0.263255042226288	0.0245572973210542	0	0	0.209200164890605	0.995361693343769
MMRF_2083	0.44762192265205	0	0	0	0.473573770781323	0	0.0788043065666273	0	0	0.130454883283494	0.999167727254249
MMRF_1049	0.275463473821893	0.0948392510389021	0.151778629583579	0.0127435376822919	0.0969046857819339	0.3682704220914	0	0	0	0.159147491473419	1.00314385425091
MMRF_1223	0.185715626005135	0.101605982778522	0.23520359466353	0	0.330109161164438	0.122010277304085	0.0253553580842913	0	0	0.174560850646751	0.998578735238305
MMRF_1913	0.334636266388664	0.152579141929215	0	0	0	0.484880010812325	0.0279045808697954	0	0.03	0.0760758168474371	1.0073088094189
MMRF_2085	0.101336280139791	0.202270012201878	0	0.00292459625233689	0	0.674101394364185	0.0193677170418092	0	0	0.124474539006968	1.00514541012269
MMRF_1790.2	0.514927140068538	0	0.167762258022296	0.0234938179603656	0.136600240016654	0.143401804092644	0.0138147398395024	0	0	0.2713498667606	0.99313969417974
MMRF_2419	0.0595422085021975	0.197953509624753	0.0154305453032809	0	0.0161631878630927	0.697434278649526	0.0134762700571496	0	0	0.13941508213197	1.0050502343958
MMRF_1137	0.387641891137509	0.185394253223033	0	0.020112605624494	0.350309159880816	0	0.0565420901341484	0	0	0.128556012031624	1.00084932085802
MMRF_1137.1	0.628345202744152	0	0.217804415617043	0.153850381638805	0	0	0	0	0	0.300406010723279	0.981891426469895
MMRF_1433	0.0395038933226182	0.1915955453411	0	0	0.209002330696586	0.528477506823586	0.03142072381611	0	0.01	0.0975998144480681	1.00583160614395
MMRF_1639	0	0.155798066607317	0.204905483322209	0.0146271882978222	0	0.612991074936307	0.0116781868363443	0	0.01	0.11344124356067	1.00351702975741
MMRF_2126	0.113804876638262	0.438132289719854	0.345564070508802	0.0507334542838354	0	0.0517653088492465	0	0	0	0.25547006253623	0.989076532911072
MMRF_2122	0.168222284304778	0.362154453697403	0.114353462842716	0.000591389721103538	0.151387275830737	0.203291133603262	0	0	0	0.127717140363986	1.0069414670102
MMRF_1838	0.381689127041471	0.0725734288401754	0.0133296536700117	0	0.401802076251132	0.0952750522385449	0.0353306619586647	0	0	0.271581875842184	0.993400551833599
MMRF_1201	0.276533156982987	0	0.024537223323263	0.0219976375395768	0.470460898557389	0.199249313848482	0	0.00722176974830232	0	0.377801883407187	0.994741705922166
MMRF_1112	0.142476671580773	0.240350877950842	0.000232004593952558	0	0.199021469349086	0.381846978561469	0.0360719979638775	0	0.03	0.0740855336951468	1.0071981207823
MMRF_1256	0.399720241546436	0.114506345807257	0.0141831491412629	0	0.340969519192545	0.110989795895181	0.019630948417318	0	0.01	0.106321815630836	1.00733719357349
MMRF_1284	0.173722204214273	0.205498703036333	0	0.00409727445144425	0.386948655357405	0.158282026339028	0.071451136601517	0	0.17	0.0319128640716769	1.01157321956163
MMRF_1157.1	0.274199289125474	0.0346991731516932	0.0683679691122277	0	0.451044890797469	0.140609884028851	0.0310787937842846	0	0	0.238686888564259	0.996260208131231
MMRF_1293	0.099940613866711	0	0.270736208496173	0.0195046826849123	0.0297893912800366	0.580029103672167	0	0	0	0.210259287323665	0.995505765148998
MMRF_1700	0.296108028430762	0.241109389418717	0.236534983274488	0.0342902338513103	0.176452689554335	0	0.0155046754703878	0	0	0.18593066957944	0.997774897767895
MMRF_1380	0.0553060639210343	0.252988220969874	0.0094213355565212	0	0.487165859673827	0.175627987885313	0.0194905319934304	0	0.15	0.0341610039807311	1.0112300865736
MMRF_2017	0.32742732458563	0.0835281710400938	0.1692579997794	0	0.287545039412085	0.0723220454917853	0.0599194196910051	0	0	0.154079377687149	0.996224741893768
MMRF_1659	0	0.212460486942447	0.262403580742692	0	0.136319883139625	0.370072199532136	0.0187438496431006	0	0	0.227029215842919	0.994316889452557
MMRF_2401	0.0250757347428197	0.357562277194922	0.144709696690717	0.0157995153875755	0	0.434381955607547	0.0224708203764184	0	0.02	0.0819039918373972	1.00590902620824
MMRF_1242	0	0.279079066093676	0.358696223154512	0	0	0.358211500960861	0.00401320979095168	0	0	0.211079092028386	0.994300209805931
MMRF_2194	0.330663217317213	0	0.136850962668298	0.0121758942244838	0.458923439146018	0.0297782422586203	0.0316082443853664	0	0	0.181401539559136	0.998477943837369
MMRF_1992	0.327663095644733	0	0.08667709901806	0	0.373881871036704	0.15151931700324	0.0602586172972634	0	0	0.140626587225013	0.998418134298052
MMRF_1235	0.00890594116404072	0.272594174591143	0.0451174148498286	0.00236048524184369	0.57175649274452	0.0133712611960837	0.0858942302125402	0	0.18	0.0293085466155222	1.01337742168334
MMRF_2613	0	0.166668515953789	0.337664826076463	0	0.118081553650263	0.304794108599553	0.0727909957199321	0	0.01	0.0893235181556782	1.00236098448774
MMRF_1232	0	0.251444025042947	0.575052355843286	0.00756223278842041	0	0.165941386325346	0	0	0	0.373953329163876	0.968160378995486
MMRF_2344	0	0.144020832712604	0.0595939927673908	0	0.136400101604188	0.657407565210776	0.00257750770504078	0	0	0.182438329245191	1.00377905927281
MMRF_1931	0	0.131762045911623	0.100290731898072	0.0230126087228286	0	0.740005652900614	0.00492896056686235	0	0	0.128578714449936	1.00429919246926
MMRF_1024	0.34043620704093	0.140541650034639	0	0.0118862477246212	0.199343090193486	0.297229307770342	0.0105634972359821	0	0.01	0.11824024513324	1.0073625733201
MMRF_1783	0.0856939482693541	0.383291839622121	0	0	0.142152844044635	0.359766081105222	0.0290952869586682	0	0.15	0.0347952899530157	1.01019702295678
MMRF_1024.1	0.0145242801914319	0.198424272958368	0	0	0.226849571894605	0.540547108898465	0.0196547660571306	0	0.01	0.0933425134328086	1.00751477279254
MMRF_1157.2	0.401291632587539	0	0	0.0034973884196077	0.589651267798097	0	0.00555971119475692	0	0	0.508081229151255	0.992276258686894
MMRF_1889	0.0895010133411268	0	0.67135326312762	0.226566919232015	0	0	0	0.0125788042992382	0	0.343979131581823	0.952811907877292
MMRF_1309	0.236028662364294	0.139902199779409	0.0038861435833762	0	0.134183400730981	0.463509100765943	0.0224904927759976	0	0.01	0.100495932853564	1.0066021380693
MMRF_1401	0.244664141342833	0.207024520898591	0.0692007348997759	0.00217040898618354	0.231907141272588	0.218321508272789	0.02671154432724	0	0	0.2119783972246	0.998978186680243
MMRF_1627	0.212112724243393	0.112136128517899	0.0872066624079036	0.0248497160723375	0.0313308649298305	0.513327889492866	0.0190360143357697	0	0	0.150206672707648	1.00197052389851
MMRF_1518	0	0	0.812104454655705	0.0381072701565577	0	0.149788275187737	0	0	0	0.333968471216677	0.961675107254519
MMRF_1500	0.105960561424082	0.341963798997244	0.0675885198557697	0	0.221395653011153	0.233187974535006	0.029903492176746	0	0.01	0.0996110924650986	1.00576519322673
MMRF_1496	0	0	0.316009920560302	0.0203144392539676	0	0.659851186529106	0.00382445365662447	0	0.01	0.0916046998618656	1.00424212243402
MMRF_1533	0.0454725275206304	0.225630293384715	0.468449342694734	0.0728689292913599	0	0.145196179259384	0	0.0423827278491765	0	0.185459635398226	0.987729099096389
MMRF_1229.1	0.0313280579992433	0.377943048936782	0.0382766670209311	0	0.179535873068799	0.357514535817531	0.0154018171567138	0	0.02	0.0797449814001087	1.00863497201173
MMRF_1518.1	0	0	0.87817820995625	0.110174160236967	0	0.00806083018095394	0	0.00358679962582877	0	0.428707650741614	0.935166112487729
MMRF_2490	0	0.0299630857886113	0.633754742794298	0.0114376749553659	0	0.278743601085744	0.0461008953759816	0	0	0.16513030151813	0.99058030454037
MMRF_1049.1	0.213703698861985	0.189153956610576	0.0806738379781597	0	0.113880538886228	0.384902393346303	0.0176855743167478	0	0	0.143796903912945	1.00404349167249
MMRF_1587	0	0	0.616345505581786	0.0478432873238539	0.198820980969744	0.126803171525418	0.0101870545991975	0	0	0.277090932591759	0.976432954045046
MMRF_2039	0.307767234143427	0	0.491764383282308	0	0.0326812795841465	0.0870241792459694	0.080762923744149	0	0.02	0.0784943309379772	1.00455416285764
MMRF_2015	0.130290954097249	0	0.61623095149656	0	0.0107808772913252	0.240239118298852	0.00245809881601377	0	0	0.24827133363761	0.983032240055745
MMRF_1131	0.140602985324434	0.33717530251906	0.039739829023886	0.0109082328962704	0	0.469869685859903	0.00170396437644598	0	0.01	0.102755207913745	1.00814735301245
MMRF_1179	0.0357234378410941	0.410121951965975	0.00926058264966368	0.0272579552858017	0	0.508990392292292	0.00864567996517316	0	0	0.161034137065852	1.00482918506226
MMRF_1694	0.57466713834852	0	0.235735691708289	0.048187036918366	0	0.141410133024825	0	0	0	0.160224161765089	0.999959013081376
MMRF_1978	0.208075040027875	0.453276726475494	0	0.0055914231441968	0.123998433392608	0.137956338076578	0.0711020388832483	0	0.14	0.0355294361604213	1.01098445832518
MMRF_1656	0.33570256334955	0	0.0945012959074624	0.0539015400114613	0.274036740336472	0.241857860395054	0	0	0	0.206030288540276	1.00034086265519
MMRF_2087	0.120378989154815	0.334738111871593	0.0259071629649361	0	0.317227068868461	0.151465650097039	0.050283017043156	0	0.05	0.0628930123247264	1.00756094123111
