NAME	bd_highCXCR4_like	tn_lowCD74_like	bd_cycling_like	tn_cycling_like	bd_end_like	bd_lowCXCR4_like	bd_pb_like	tn_highCD74_like
ABCA1	1	1	1	1	1	1	398.53052735487	540.142778118356
ABCB8	1	1	15.355434970687	33.3518178127868	1	1	1	1
ABCB9	75.7723416669014	1	1	1	1	49.5229995124292	1	1
ABCC1	1	1	1	1	1	1	88.2908402247378	147.189279888784
ABCF2	1	1	26.0498746535957	1	1	17.8826459857277	1	1
ABCG1	1	1	1	1	1	1	116.994686152804	150.118516782393
ABHD15	1	1	1	1	1	1	77.9559404476736	102.835757247891
ABHD15.AS1	1	1	1	1	1	1	71.2218603524114	94.6311917694649
ABHD17B	1	1	1	1	1	1	192.761250397406	264.477671338967
ABHD18	1	1	1	1	1	1	84.5021300193476	65.5524383955896
ABL1	1	1	1	1	1	1	111.55049969213	96.7319962785322
AC006058.1	1	31.7687068230003	1	12.2701921767746	1	1	1	1
AC007163.1	1	1	1	1	1	1	69.7687491276176	97.2638672028288
AC007569.1	1	1	1	1	1	1	89.5661533021431	104.039988588486
AC008691.1	1	1	1	1	1	1	119.023502038479	131.899312017533
AC008696.2	1	1	1	1	1	1	285.911572921141	381.035222162597
AC011447.3	1	1	1	39.2687700679528	1	1	1	31.1268898714102
AC012146.1	1	22.8221771292983	34.7180403806968	1	1	25.2239541970101	1	1
AC016168.2	1	1	1	1	1	1	326.083877144848	382.549339112952
AC018695.9	1	1	1	1	1	1	121.867106279639	117.190509610778
AC025437.3	1	1	1	1	1	1	96.8944619129572	135.059189790946
AC025437.4	1	1	1	1	1	1	117.60412858209	154.840117085162
AC025887.2	1	1	1	1	1	1	99.7194994648687	183.908141110735
AC026369.3	71.4668351427283	1	1	1	1	94.7753727266744	1	1
AC027097.2	1	1	1	34.124180290833	1	1	237.673817532981	284.22729382172
AC068282.1	1	1	1	1	1	1	93.1166855283805	80.7350255497044
AC074032.1	1	1	1	1	1	1	88.9905971790293	111.266374729308
AC079781.5	1	1	1	1	1	1	98.8327429998712	121.349828946369
AC079793.1	1	1	1	1	1	1	204.128427242352	266.852320552562
AC093865.1	1	1	1	1	1	1	122.760900530079	137.442748180482
AC105285.1	1	1	1	1	1	1	56.6104465059286	112.776657923956
AC105402.3	1	1	1	214.218395541352	1	1	1180.6172616184	1377.8850565313
AC106897.1	19.4657749314542	1	1	1	1	23.2823347804532	1	1
AC108879.1	1	1	1	1	1	1	248.506116520643	367.268741597521
AC119396.1	1	1	1	80.4800866197913	1	1	332.97952227666	349.394333022776
AC119673.2	1	1	1	1	1	1	289.935083836763	441.218146335889
AC128687.3	1	1	1	1	1	1	91.324128680662	111.613270654027
AC233755.2	90.7376316995167	1	1	1	108.32722017867	1	1	1
AC245060.5	1	1	1	1	1	1	98.7785343271845	123.819394792137
ACAT2	1	1	28.0545927100574	27.990596399639	1	1	1	1
ACSM1	1	1	1	1	1	1	529.360495076823	738.278497997246
ACSM3	1	1	1	69.8827417371526	1	1	3407.56932025643	4804.00972194276
ACSS1	1	1	1	1	1	1	92.4006308978223	88.1198446714934
ACYP1	1	1	39.8900055288805	52.002498136141	1	1	1	1
ADAM23	1	1	1	1	1	1	697.496108154384	720.554379095241
ADARB1	1	1	1	77.1494269790544	1	1	392.128284776385	434.262820624894
AEBP1	1	1	1	1	1	1	101.91795387052	128.53314050294
AFF3	1	1	1	663.334055164928	1	1	7681.74271516979	9187.50235524479
AHCYL2	1	1	1	1	1	1	130.255640361177	116.15583014744
AHDC1	1	1	1	1	1	1	86.4250206881438	140.188508582881
AIFM1	1	1	25.0126052710745	1	1	20.9372521161467	1	1
AK9	1	1	1	1	1	1	126.230541631417	149.764855601837
AKAP12	1	1	1	1	1	1	180.284110206912	254.460883827938
AKT3	1	1	1	71.6393863639036	1	1	357.86223266737	541.096258448684
AL050309.1	1	1	1	46.6896561874327	1	33.9798765081844	500.331642486643	629.369098216921
AL132996.1	1	1	1	1	1	1	307.248560196588	513.106543200861
AL133346.1	1	1	1	1	1	1	62.2788085148574	93.4478635797943
AL133480.1	1	1	1	1	1	1	163.16767914223	96.6454163710606
AL139020.1	1	1	1	77.1494269790544	1	1	507.255763472331	422.0268468172
AL139340.1	1	1	1	1	1	1	86.7703393876528	73.1841241079635
AL445524.1	1	1	27.8870238900222	1	1	23.2352216205847	1	1
AL589693.1	166.977729226034	1	1	1	1	169.438242750003	2849.62314504858	4315.89854261863
ALKBH2	1	1	24.2490759361805	1	1	20.7083245494609	1	1
AMBRA1	1	1	1	1	1	1	174.168091128114	131.228850722224
AMFR	1	1	1	1	1	1	103.227925218751	92.3721536964989
ANGEL2	1	1	1	1	1	18.650612121722	21.1499900190554	1
ANKH	1	1	20.8805205348733	1	1	1	23.4442424445963	1
ANKRD33B	1	1	1	1	1	1	256.147018798091	390.653601860288
ANKRD36C	1	1	24.4896877113868	24.1734940274008	1	1	1	1
ANKRD39	1	1	32.552637643234	22.7975549476414	1	22.6694256427206	1	1
ANKUB1	1	1	1	1	1	1	224.598705535434	312.515904237486
ANKZF1	1	1	1	32.6035381706927	1	16.9536936649319	1	1
ANLN	1	1	32.7308972273323	56.4316847380885	1	1	1	1
ANTXR2	1	1	1	1	1	1	117.828727235222	99.3912187177812
AOPEP	1	1	1	1	1	1	93.1029069737983	126.048471219732
AP001011.1	1	1	1	1	1	1	174.174687733666	154.06655087854
AP003086.1	1	1	1	1	1	1	181.307494285153	251.029397002967
AP1B1	1	1	1	1	1	1	146.012751072153	155.913623004254
AP4S1	1	1	1	1	1	1	44.0125008384323	93.8718980571681
APBB1IP	1	1	82.7797680429676	107.609197770676	1	30.2744471446483	1051.22272892016	1241.00877266428
APBB2	1	1	1	1	1	1	138.982920972831	148.847076612455
APEH	1	1	24.5565317236742	1	1	26.7412113291711	1	1
APOOL	1	1	25.6159627806893	1	1	1	40.0611053711688	1
APPBP2	1	1	1	1	1	1	81.1005310683669	71.8487582417914
APPL2	1	1	1	1	1	1	88.454532683462	96.8866771458852
ARAP2	1	1	1	1	1	1	105.384139493297	122.571634128713
ARFRP1	1	1	18.6228575908845	1	1	1	21.4799197349033	1
ARHGAP11A	1	1	32.2757569668292	97.6198691452391	1	1	1	1
ARHGAP17	1	1	1	1	1	1	217.13893212429	204.547125628473
ARHGAP24	1	1	1	1	1	1	63.2572598962141	92.0329565071324
ARHGAP26	1	1	1	1	1	1	130.64679776952	111.863138606617
ARHGAP32	1	1	1	1	1	1	187.905819909307	239.514746914158
ARHGAP35	1	1	1	1	1	1	84.077324332753	78.796541622503
ARHGEF18	1	1	41.1089234940313	144.064155915624	1	1	582.142939979018	606.602049221155
ARHGEF6	1	1	1	1	1	1	81.3540071534871	70.9872401836196
ARL15	1	1	1	1	1	1	353.558124505921	392.428107678619
ARL4C	1	1	32.9891754341989	1	1	32.7353542140498	1	1
ARL6IP6	1	1	27.4411145877267	1	1	1	27.4733229727649	1
ARMC6	1	1	15.5996790589011	30.7303569249712	1	1	1	1
ARMCX6	1	1	20.6782563137239	1	1	22.7887260875578	1	1
ARNT	1	1	1	1	1	1	92.0685863559381	51.871102483556
ARPP21	1	1	1	1	1	1	470.678409747594	892.74498236929
ASF1A	1	1	15.1755779108967	23.2669374109316	1	1	1	1
ASNSD1	1	1	16.0027580671762	28.0570231599671	1	1	1	1
ASPM	1	1	178.570996075444	564.788495516313	1	1	1	1
ASRGL1	1	1	34.4652860805553	54.4986554637638	1	1	1	1
ASS1	1	1	28.6007287706949	1	1	35.7745973092414	1	1
ATAD2	1	1	107.933542473044	109.289096192257	1	1	31.9831504541598	1
ATAD2B	1	1	1	1	1	1	210.575050727204	234.48832947643
ATAD5	1	1	51.4518321973352	46.6931299940448	1	1	1	1
ATG4B	1	1	1	1	1	1	53.1810074004329	102.383728797977
ATG4D	1	1	14.0713285198661	1	1	1	25.7820479184649	1
ATG7	1	1	1	56.8557256214026	1	1	124.614209442927	187.724706407285
ATP11C	1	1	1	1	1	1	79.4738243438981	107.470993368104
ATP2B4	1	1	20.1420468070834	51.7548301589599	1	1	1	1
ATP8A1	1	1	1	61.9195415832436	1	1	757.440066910387	887.32097204057
ATP8B1	1	1	1	1	1	1	270.636642652399	267.406047011749
ATP9B	1	1	1	1	1	1	133.869295496277	200.185034421971
ATRN	1	1	1	1	1	1	85.6666554159109	98.3729286732524
AURKA	1	1	37.9261000628726	70.6380421169244	1	1	1	1
AURKB	1	1	43.0782054188409	59.9582441486494	1	1	1	1
AUTS2	1	1	1	168.528739353919	1	1	863.966866524862	1051.30921461763
AVL9	1	1	1	41.390127828437	1	1	135.704584069621	130.311914156347
BACH2	1	1	1	732.034498998923	1	1	8409.7713716729	10894.6352974654
BAG2	1	1	23.4693554414685	16.2298853958109	1	1	1	1
BANK1	1	1	1	1	1	1	168.174808391507	84.8663555806839
BCAP29	1	26.5077168674431	43.7344738024048	1	1	19.7179054264065	1	1
BCAS3	1	1	1	1	1	1	400.149900187181	447.102684941995
BCL2L12	1	1	39.5900756211391	68.9483113709229	1	1	1	1
BCL7A	1	1	1	149.362828356944	1	1	856.373868561732	889.770966308732
BCR	1	1	1	64.5840692958331	1	1	366.05827154344	472.283914086393
BEST3	1	1	1	1	1	1	196.625121600747	266.026887608985
BEX5	25.0741180757095	1	1	1	1	22.1955690554464	1	1
BICRAL	1	1	1	60.4206707507409	1	1	156.504366403852	171.215805240237
BIRC5	1	1	94.9614159234025	200.906085911862	1	1	1	1
BISPR	1	24.841823410595	1	42.0704238035799	1	1	1	1
BLK	1	1	1	1	1	1	193.885631832248	148.71712330399
BLMH	1	1	17.8413216468875	46.4335297288853	1	1	1	1
BLOC1S5	1	1	21.4603763395774	24.038884672142	1	1	1	1
BMP2K	1	1	1	27.99583190789	1	1	127.031728018465	166.601135138223
BMP3	1	1	1	1	1	1	299.307974005302	391.094672576533
BMT2	1	1	1	1	1	1	107.928316211359	162.518549670129
BOD1	1	1	15.5697714502007	1	1	17.7251423287487	1	1
BOP1	1	1	27.8042642633868	1	1	24.1486882175751	1	1
BORCS8	1	20.9556507122963	29.38311374721	1	1	20.0963898583476	1	1
BRI3BP	1	29.2131008215108	70.8226662082704	56.115969373073	1	1	1	1
BRIP1	1	1	29.8466768311754	85.9972766947595	1	1	1	1
BRWD3	1	1	1	1	1	1	92.4626977066407	129.080151706796
BTBD6	1	1	20.6824961975398	1	1	1	27.8758411107486	1
BTBD9	1	1	1	1	1	1	158.915256203637	243.104432733342
BTRC	1	1	1	1	1	1	92.6755692590986	148.933289989302
BUB1	1	1	59.8743634350504	116.016175553853	1	1	1	1
BUB1B	1	1	45.6102771573195	75.6984072267651	1	1	1	1
C11orf49	1	1	1	27.4933622065971	1	1	188.888669590398	307.747173434807
C12orf49	1	1	1	1	1	1	83.5958584047676	79.2514640125884
C12orf73	1	1	17.9309963892616	35.3858670063105	1	1	1	1
C16orf72	1	1	1	1	1	1	68.5256635049284	88.4009575991451
C16orf74	1	1	27.5264221669917	128.168138591666	1	1	416.711543700728	369.43349228196
C16orf95	1	1	20.0045371361025	37.1295995649946	1	1	1	1
C18orf25	1	1	1	1	1	1	81.824550086875	120.060883862119
C19orf38	1	1	17.2760880172309	16.4069458259802	1	1	1	1
C1orf56	1	1	35.272875288526	1	1	40.9883497464674	1	1
C20orf194	1	1	1	1	1	1	59.2361667554405	95.6161487339721
C20orf27	1	1	37.7765760231603	1	1	32.7764005916102	1	1
C21orf58	1	1	44.8298938105583	65.6880311183065	1	1	1	1
C22orf34	1	1	1	1	1	1	173.49806721245	312.27233200592
C2orf76	23.4667011265423	1	1	1	1	23.0557371700278	1	1
C6orf226	1	20.0632100518391	16.7077022096261	1	1	1	1	1
CARD11	1	1	1	64.5840692958331	1	1	460.717333181536	414.517829884795
CARD19	1	1	17.7329802823361	1	1	1	34.8511000778205	1
CARM1	1	1	1	40.3153323928754	1	19.2364217952409	1	30.5881023083111
CASC15	1	1	1	1	1	1	268.74694139589	523.599666807381
CASK	1	1	1	110.264163375045	1	1	579.387150603822	668.820528128487
CASTOR3	1	1	1	1	1	1	96.52196751793	156.021144928443
CAV2	1	20.5813938256356	18.025767782325	1	1	1	1	1
CBFA2T2	1	1	1	1	1	1	143.919520357288	117.028961428223
CBLB	1	1	1	1	1	1	417.744801426761	425.218305045861
CBX6	1	1	19.8394588740259	1	1	18.2580819062015	1	1
CCDC127	1	1	21.0913617701054	1	1	17.6046422523484	1	1
CCDC141	1	1	1	1	1	1	72.0935346992741	109.47023361651
CCDC146	1	1	1	1	1	1	71.4593171945181	110.31293966052
CCDC191	1	1	1	1	1	1	682.957542719296	706.000387307355
CCDC200	1	1	1	1	1	1	154.163866844423	128.848782420816
CCDC43	1	1	23.6894125207298	23.037546984742	1	1	1	1
CCDC58	1	1	21.4218993649279	16.9418216271536	1	1	1	1
CCNA2	1	1	43.5887191343465	62.7614541665656	1	1	1	1
CCNB1	1	1	90.0603547127788	228.174599633515	1	1	1	1
CCNB1IP1	1	20.2289292302436	33.6761770928152	1	1	30.9757104738366	1	1
CCNB2	1	1	74.7649963506336	133.739923051103	1	1	1	1
CCND1	337.324449338942	1	1	1	90.3335084309892	99.8948468831652	1	1
CCND3	43.0699220536295	1	49.9747108118148	1	1	48.7843420011512	568.770718877882	708.091808303227
CD200	28.4599367029532	1	1	1	1	24.2422018609914	1	1
CD22	1	1	1	1	1	1	105.018819829263	100.019234345628
CD24	1	1	1	170.557518122222	1	1	703.84194308084	620.843429546994
CD27	102.656014470866	1	1	1	104.940090651823	53.2695464354837	1	1
CD69	1	1	1	77.1494269790544	1	1	414.67775780265	482.262870377727
CD72	1	1	1	1	1	1	214.816002594959	162.728563660759
CD81	1	1	54.2471479024435	71.8615459992756	1	1	387.436762228779	405.505830254954
CDC14A	1	1	1	1	1	1	138.709813518727	79.9844408323089
CDC20	1	1	44.1021170953993	103.297658696419	1	1	1	1
CDC25B	1	1	1	1	1	1	209.674155096085	273.180389723298
CDC34	1	21.0364820566591	33.2870767342057	1	1	27.1018830752724	1	1
CDC42BPB	1	1	1	1	1	1	47.4684543362696	102.225281809021
CDC42EP3	1	1	23.6082931610768	1	1	18.1106175779683	1	1
CDC6	1	1	37.3569468018954	37.5184569736977	1	1	1	1
CDCA2	1	1	26.2186183463786	103.453032960893	1	1	1	1
CDCA3	1	1	29.9405914594358	30.9581860481647	1	1	1	1
CDCA4	1	1	24.0274876583111	22.0776899559977	1	1	1	1
CDCA5	1	1	29.1572586274053	37.7572240976335	1	1	1	1
CDCA8	1	1	37.9772013550196	85.3088312561446	1	1	1	1
CDHR3	1	1	1	1	1	1	95.5769347314974	128.133975788911
CDK1	1	1	88.6008103549414	98.3443703604434	1	1	1	1
CDK17	1	1	22.1997099254063	1	1	1	166.714474389219	190.783726242817
CDK19	1	1	1	162.356389680654	1	1	306.722229126304	367.964427678651
CDK5	1	1	22.7754306002456	13.7157249054392	1	1	1	1
CDK5RAP1	1	1	1	20.0202895384674	1	1	27.1785249812562	1
CDK8	1	1	1	1	1	1	97.2262124904013	125.260693052158
CDKL1	1	1	1	1	1	1	140.491435047941	176.90266589002
CDKN3	1	1	109.877667745591	155.911284970049	1	1	1	1
CDT1	1	1	37.2310679148089	35.6838522237836	1	1	1	1
CECR2	1	1	1	1	1	1	303.026191015302	479.41333546107
CEMIP	1	1	1	1	1	1	294.407413783214	280.854363633632
CEMIP2	1	1	1	1	1	1	70.7341960008179	98.5327631132768
CENPA	1	1	48.5666319359882	152.863313589219	1	1	1	1
CENPE	1	1	70.7516712648798	232.073267659219	1	1	1	1
CENPF	1	1	275.465667442821	561.290339046614	1	1	1	1
CENPH	1	1	61.1624274115891	55.0549873804701	1	1	1	1
CENPK	1	1	73.1406147058665	114.480973725129	1	1	1	1
CENPL	1	1	22.0831383289695	44.2274729145135	1	1	1	1
CENPM	1	1	51.4560492694855	64.6209556504173	1	1	1	1
CENPN	1	1	54.3034598289408	35.0699799036788	1	1	1	1
CENPP	1	1	46.1992099268566	106.217616241196	1	1	1	1
CENPQ	1	1	28.914486538196	24.4783478113709	1	1	1	1
CENPU	1	1	67.8943967174412	113.373331261139	1	1	1	1
CENPW	1	1	79.0446574265905	87.1430817119861	1	1	1	1
CEP112	1	1	1	1	1	1	90.3604610841123	178.843568829984
CEP152	1	1	32.3178965266512	69.6386666920746	1	1	1	1
CEP295	1	1	23.0009682756943	13.68870753974	1	1	1	1
CEP44	1	1	19.250791881515	37.0701997726307	1	1	1	1
CEP55	1	1	43.8014064426087	77.3951446327041	1	1	1	1
CEP95	1	1	1	1	1	1	101.654593235079	133.381040648246
CERS6	1	1	1	1	1	1	83.3284471810982	76.2505802294921
CETN3	1	1	23.8542680686548	31.3490195217167	1	1	1	1
CFAP73	1	1	1	1	1	1	161.088509378215	120.962853089245
CHAC2	1	47.9975752130347	69.6923524465425	1	1	39.9412211041104	1	1
CHAF1A	1	1	38.5200340669421	54.1813453045403	1	1	1	1
CHCHD4	1	1	17.9445475614782	25.4316844836517	1	1	1	1
CHEK1	1	1	40.4979836404252	48.5469933972131	1	1	1	1
CHIC2	1	1	1	32.219128961168	1	1	146.057745942643	182.678321615189
CHPF2	1	21.2303279813055	1	1	1	20.9096005977852	1	1
CHPT1	1	1	1	1	1	1	153.145059665689	168.146878918636
CHRAC1	1	1	29.1351821787844	1	1	1	27.7527284043276	1
CIAPIN1	1	1	15.5607765017189	26.2448567689604	1	1	1	1
CIITA	1	1	1	1	1	1	191.662577952024	183.385296064666
CIP2A	1	1	28.4937150633339	90.3446276940829	1	1	1	1
CKAP2	1	1	67.1837121707284	138.382935588178	1	1	1	1
CKAP2L	1	1	49.4635260692495	135.352712382452	1	1	1	1
CLASP1	1	1	1	46.6896561874327	1	1	174.838499282566	188.62550772432
CLEC16A	1	1	1	1	1	1	149.960921260573	199.843046549507
CLEC2D	1	1	1	69.2245539521073	1	1	225.221306652369	195.046887202322
CLPB	1	1	17.7377557149692	18.9873799810594	1	1	1	1
CLSPN	1	1	71.581263133194	41.9312570170946	1	1	1	1
CMAS	1	1	23.0948316877007	1	1	16.5027652191187	1	1
CMIP	1	1	1	1	1	1	299.920634649061	356.595964404381
CMTM7	1	1	53.2751179552287	93.4069818159298	1	1	766.238011086426	1026.42280450036
CMTM8	1	1	1	49.3608992660106	1	1	197.218696617104	242.503849485898
CNOT8	1	1	1	1	1	1	101.618165958941	95.2449038558429
CNOT9	1	1	18.4409228193729	1	1	1	25.0654882128264	1
CNR2	1	1	1	1	1	1	79.6665204480638	39.8819409620005
CNTN5	32.5286074345633	1	1	1	1	33.6038780989649	1	1
COA8	1	1	37.5741947980336	16.9106768330489	1	23.3495413559888	1	1
COG2	1	1	1	14.7738168847462	1	19.5001560613795	1	1
COLGALT1	1	1	16.8965641469516	99.0614050311162	1	1	295.414799202975	370.430218759695
COMMD5	1	1	24.6165059456194	32.3516432792748	1	19.9960701296966	1	1
COMMD8	1	1	26.7746319845873	24.1834941253573	1	22.3640288651554	1	1
COQ8A	1	1	19.8658089822777	1	1	20.350402527033	1	1
COQ9	1	1	17.1917634089718	18.1437891781061	1	1	1	1
COX18	1	19.6081043969089	1	23.801813212105	1	1	1	1
CPM	1	1	1	1	1	1	136.933260800343	114.383023425843
CPSF3	1	1	20.342086871693	1	1	1	22.1408814819337	1
CPSF4	1	1	18.3409181244027	15.6475118863215	1	1	1	1
CRAMP1	1	1	1	1	1	1	99.0526807717477	115.533779832709
CRIM1	1	1	1	1	1	1	167.322048594642	290.660443628614
CSF3R	1	1	1	1	1	1	74.1756766779541	44.0609155950798
CSTF1	1	1	21.0714198858429	52.9505142800911	1	1	1	1
CTAG2	1	52.8052482424918	133.002169493269	1	1	108.966641436257	1	1
CTBP2	1	1	1	1	1	1	121.324196490028	116.942418904809
CTNNAL1	1	1	45.097589332314	25.4000302569314	1	1	1	1
CTU1	1	1	19.375626569486	1	1	20.5484794837899	1	1
CYB561	1	1	16.0396963771572	1	1	18.6914698551562	1	1
CYB5A	17.7895884170532	1	37.3216078610562	1	1	31.1660309994158	1	1
CYFIP2	1	1	1	1	1	1	332.189796764977	378.291343758097
CYTH2	1	1	18.0275663692843	28.926537078653	1	1	1	1
CYTH3	1	1	1	1	1	1	155.307046177135	152.681792261336
CZIB	1	1	21.6057324607944	1	1	1	21.3298358821667	1
DCAF5	1	1	1	1	1	1	81.8609961796726	127.124752099327
DCLK1	1	24.8227626096669	41.2588108107521	1	1	1	1	1
DCLK2	1	1	1	1	1	1	47.1848742773539	96.5697834926949
DDB2	1	1	32.2397793373328	31.2630398321348	1	1	1	1
DDX11	1	1	20.9857511549817	44.8539970849041	1	1	1	1
DENND1A	1	1	1	1	1	1	184.417796232029	265.911096750124
DENND4C	1	1	1	1	1	1	71.3652302109571	165.533695870933
DENND5A	1	1	1	1	1	1	95.0611020301235	132.955805971741
DENND6B	1	1	27.4866378950538	17.3806756635594	1	1	1	1
DEPDC1	1	1	35.2752705052331	52.804825034231	1	1	1	1
DEPDC1B	1	1	34.926790468011	39.9476954121063	1	1	1	1
DEPTOR	44.2738416205393	1	19.611025934969	1	1	32.0922126484494	1	1
DGCR6L	1	1	32.0585427635256	1	1	20.8240540760743	1	1
DGKD	1	1	40.1391938936417	75.3392202348788	1	18.2316289456021	546.436299000552	500.793422145579
DHFR	1	1	86.236036840216	71.5006098918639	1	1	40.2396753320014	1
DHRS4	1	1	29.2330976543148	27.5206988344628	1	1	1	1
DHRS4L2	1	1	27.5111507054698	1	1	24.7764702323232	1	1
DHRSX	1	1	1	35.7944322555519	1	1	267.205295822939	274.810546591843
DIAPH2	1	1	1	1	1	1	298.112544449774	328.755505635564
DIAPH3	1	1	42.8906801630331	101.058190949933	1	1	1	1
DIP2B	1	1	1	1	1	1	249.111897763767	260.302336365507
DIPK2A	1	1	1	1	1	1	92.0440308638538	90.8330073152489
DIS3L2	1	1	1	1	1	1	120.196601695024	153.916634878374
DISP1	1	1	1	1	1	1	90.1191908130943	92.6848119236953
DLG2	1	1	1	1	1	1	574.833902796548	853.872749582814
DLGAP5	1	1	59.8500236661816	121.836702471601	1	1	1	1
DNAAF2	1	1	18.7979577507601	1	1	1	34.3143286355594	1
DNAJC30	1	1	18.2801575638078	1	1	21.8855051478324	1	1
DNAJC9	1	1	63.7308797106827	44.557928538439	1	18.4836627730644	1	1
DNTTIP1	1	1	21.8158610686469	24.4556964317329	1	1	1	1
DOCK10	1	1	1	1	1	1	489.477111883104	595.816480902099
DOCK4	1	1	1	1	1	1	34.9564196459639	93.8646157810189
DONSON	1	1	31.6961709999577	39.7216823310516	1	1	1	1
DOP1A	1	1	1	1	1	1	82.4426301456189	100.766785580488
DOP1B	1	1	1	1	1	1	139.993763449322	217.329359877096
DPAGT1	1	23.4789637138317	22.2911897161896	1	1	1	1	1
DPY19L1	1	1	18.4396945615107	33.6548917829224	1	1	1	1
DPYD	44.8652928287011	1	56.3067064293112	55.4727439926386	1	60.3924945656106	910.15738737615	1365.36702496618
DPYD.AS1	1	1	1	1	1	1	119.910519413119	198.673904759128
DRG2	1	1	16.4405253562248	26.5545110667337	1	1	1	1
DTL	1	1	35.056115480259	72.5387858667704	1	1	1	1
DTNBP1	1	1	22.3815890352236	1	1	1	221.59594207846	344.665328852054
DTX1	1	1	1	61.9195415832436	1	1	680.215958399264	758.360847261268
DTYMK	1	1	86.3450994921546	61.3879756540863	1	17.2089283634434	1	1
DUT	69.8294366760003	84.4071069234696	472.162237337165	304.158761529007	115.988343023033	108.665145953671	48.0850886002499	77.7062358935508
DXO	1	1	17.3699052919969	13.8295325241199	1	1	1	1
DYNLL2	1	19.5866543918385	29.4599063707789	1	1	1	1	1
E2F2	1	1	43.501617410314	114.854682068129	1	1	1	1
E2F4	1	1	16.5816098870367	1	1	1	24.697646233524	1
E2F5	1	1	1	41.3940631500312	1	1	203.46798748166	243.216482549179
EBF1	1	1	1	305.597707916218	1	1	1859.11422085251	2313.04206175551
ECT2	1	1	42.0598197032354	70.9554705807399	1	1	1	1
EFCAB2	1	1	1	1	1	1	155.916872492492	139.157100710283
EHD4	1	1	1	26.0779865057485	1	1	29.5549273701936	1
EIF2B5	1	1	16.5485664804299	1	1	20.1501690874074	1	1
EIF2D	1	1	26.3053133161783	24.8290938627474	1	26.320892233489	1	1
ELFN1.AS1	1	1	34.8605934117976	1	1	24.6236053820719	1	1
EMC9	1	1	38.6470172866296	35.5299285842887	1	17.9206808710495	1	1
ENOSF1	1	19.207220501846	30.7296912872755	1	1	22.1844476847004	1	1
ENOX2	1	1	1	1	1	1	52.5586250471499	97.666451305113
EPHX1	1	21.2875819215495	25.2487133345289	1	1	1	1	1
EPS15L1	1	1	1	1	1	1	79.3573483685011	100.451718674349
ESCO2	1	1	43.3900155602832	52.8339204762001	1	1	1	1
EXOC6B	1	1	1	1	1	1	83.4031864166205	109.996399787602
EYA2	39.3722506519616	1	1	1	1	57.9359788256909	1	1
FAM111B	1	1	67.9853892689006	125.981448570544	1	1	1	1
FAM117B	1	1	1	1	1	1	112.783311762935	111.435948716934
FAM120B	1	1	1	1	1	1	84.6240446256404	103.169246090405
FAM135A	1	1	1	1	1	1	77.5389902670571	143.164034617377
FAM13B	1	1	1	42.5116200598367	1	1	187.702277777063	159.320300210732
FAM168A	1	1	1	1	1	1	86.9521963347266	71.4434319886232
FAM193A	1	1	1	1	1	1	86.2310415494403	102.607957850536
FAM241A	1	1	1	1	1	1	84.2321495406542	64.2603621784243
FAM3A	23.920393655012	1	1	1	1	21.1095472260197	1	1
FAM53B	1	1	1	1	1	1	147.872138861867	110.933870627505
FAM53C	1	1	18.0109264630563	1	1	18.9814631842513	1	1
FANCA	1	1	30.617440808897	41.320260305474	1	1	1	1
FANCD2	1	1	18.2940448064105	34.3151084982905	1	1	1	1
FANCI	1	1	58.7354624979331	98.5225022450404	1	1	1	1
FARS2	1	1	24.2949550997207	1	1	27.8327467464953	208.57086926108	298.785471631437
FBXL20	1	1	1	48.9929057558449	1	1	197.573123729911	214.000758421592
FBXL4	1	1	1	1	1	1	87.0273264146184	99.8105209373448
FBXO32	237.394118353799	1	1	1	1	88.7914835854978	1	1
FBXO33	1	1	1	1	1	1	90.8358086788198	103.758463569291
FBXO34	1	1	1	1	1	1	97.3142693093655	81.6330853327097
FBXO4	1	1	26.1426866977864	43.2419188843231	1	1	1	1
FBXO42	1	1	1	1	1	1	98.4743057973016	127.058640480389
FBXO5	1	1	48.2376612612704	110.719602097106	1	1	1	1
FCRL1	1	1	1	1	1	1	302.716377769884	315.612375607352
FDX2	1	1	18.6424638820318	1	1	21.5430284685257	1	1
FEN1	1	1	83.3884210747028	67.3915576849884	1	1	1	1
FEZ2	1	1	1	1	1	1	68.1710043182286	105.0438083888
FGD3	1	1	1	1	1	1	124.022556294553	154.753453777636
FGGY	1	1	1	1	1	1	94.0026980856341	66.8155683138529
FKBP4	1	22.3857444289326	45.4358801528627	1	1	25.9305097627135	1	1
FLNA	1	1	1	1	1	22.9329880237571	25.5762498239047	1
FN3KRP	1	1	19.232339755545	22.583497205611	1	1	1	1
FOXJ3	1	1	1	1	1	1	174.294829235864	278.634002234176
FOXO1	1	1	1	92.3793123748654	1	1	946.085530585911	1005.12628699556
FOXP2	30.1720449587589	1	1	1	1	32.8323735123023	1	1
FRGCA	1	1	22.9164184357876	30.5333380251863	1	1	1	1
FRS2	1	1	1	1	1	1	124.765342837427	140.180625613031
FTO	1	1	1	1	1	1	134.544582613557	191.020321815749
FYN	1	1	1	1	1	1	87.8768768156766	85.9481433226372
GAB2	1	1	1	1	1	1	322.069958372598	363.897449593887
GAB3	1	1	1	1	1	1	171.835269968527	172.844308855794
GALNT7	1	1	1	65.3388345347444	1	1	354.864811680518	524.172149854553
GAPT	1	1	1	1	1	1	86.6867292418032	56.0400369161844
GAS2	1	1	21.754302465863	23.3562497127014	1	1	1	1
GAS7	1	1	1	107.609197770676	1	1	660.748166523109	800.611469196106
GBA	1	1	18.265230025068	16.5050447324716	1	1	1	1
GBE1	1	1	1	24.2860524223788	1	1	95.0063812723452	149.282606172786
GCHFR	1	1	40.019201819707	27.1455331862896	1	19.868681183764	1	1
GCNT1	1	1	1	1	1	1	73.5251382328179	40.3780144894821
GDE1	1	1	21.0641755922808	1	1	19.2558494656906	1	1
GEMIN6	1	1	36.0922706023071	1	1	27.2516858453686	1	1
GEN1	1	1	19.9538523571322	38.1418634478726	1	1	1	1
GET1	1	1	20.1756878567606	40.1638899117594	1	1	1	1
GINS2	1	1	44.4904262856603	24.3535566388579	1	1	1	1
GLMP	1	1	26.3808972093757	1	1	16.557940788323	1	1
GLTP	1	1	1	1	1	20.2457823914927	32.8223021617194	1
GMNN	1	1	95.5394829981548	62.6635594809785	1	1	1	1
GNA12	1	1	1	1	1	1	106.927217626749	112.742893602783
GNAQ	1	1	1	1	1	1	104.624849141583	71.7634887685843
GNG11	1	33.225339602026	36.1614444506575	1	58.4570957514896	1	1	1
GNG2	1	1	1	1	1	1	119.516936571251	113.366486548615
GNL1	1	1	27.4060550215837	1	1	20.5039511652716	1	1
GOLM1	1	77.4422624729377	37.9571241116274	1	1	1	1	1
GON7	1	1	17.1327081246719	24.8463413215366	1	1	1	1
GOT1	1	1	29.2993761196428	22.5400138396393	1	18.1179907320644	1	1
GPHN	44.2936926263822	1	1	1	1	1	68.3453280136793	1
GPM6A	1	1	1	1	1	1	265.414105459731	236.122327832052
GPR155	22.6286789176432	1	1	1	1	28.2204038616803	1	1
GRK3	1	1	1	1	1	1	207.709584747349	185.02005091547
GRWD1	1	1	19.3390435867258	1	1	21.5129649036529	1	1
GSAP	1	1	1	1	1	1	230.616627774377	270.582110747252
GSS	1	1	25.3714639751112	19.7650185321666	1	1	1	1
GSTZ1	1	1	18.2092426853414	1	1	1	22.7266138583618	1
GTDC1	1	1	1	1	1	1	138.246436991711	250.158004534674
GTSE1	1	1	51.5991197534785	101.92970249272	1	1	1	1
GXYLT1	1	1	21.1576215719945	1	1	1	41.2920200975063	1
H2AFX	1	1	83.4475341254989	119.57184140317	1	1	1	1
H2AFZ	157.103216180467	162.549049832184	1108.41917412268	1087.28742951306	275.299400066371	236.913904853051	160.236245085993	129.291764392513
HADH	1	1	38.4148901981284	75.0114045530829	1	1	1	1
HAUS2	1	1	23.2810226695388	38.1418634478726	1	1	1	1
HAUS4	1	1	35.2820984103337	1	1	18.4300101372048	1	1
HAUS6	1	1	18.9304628360297	1	1	1	26.701878792083	1
HAUS8	1	1	21.7128562558272	29.5847248636982	1	1	1	1
HCFC1R1	1	1	25.6700723585227	1	1	20.4233436187935	1	1
HCK	1	1	1	1	1	1	378.520082141636	317.758690929185
HCST	1	1	1	1	1	1	79.9576742765806	42.0476495891259
HDAC4	1	1	1	1	1	1	119.220877186349	196.802633163692
HEBP1	1	1	18.2007727554096	20.5185433672372	1	1	1	1
HECTD4	1	1	26.4607077963899	73.8800640334467	1	1	296.082428406968	358.00358857447
HELLPAR	1	1	58.4146400494472	80.0816168317382	1	1	1	1
HELLS	1	1	104.761258945469	25.8395762183023	1	1	1	1
HIGD1A	1	34.436984079891	46.5989960764107	1	1	25.1404062822918	1	1
HIP1	1	1	1	1	1	1	649.698859668146	894.135358481077
HIPK3	1	1	1	1	1	1	93.4472316572684	104.275723341003
HIRIP3	1	1	32.8309195910684	40.3353938501529	1	1	1	1
HIST1H1B	1	1	90.5003149409535	191.418347624937	1	1	1	1
HIST1H2AG	1	21.1290329422377	63.1798634852517	89.6937083353949	1	1	1	1
HIST1H2AH	1	1	34.805035944374	46.6896561874327	1	1	1	1
HIST1H2BH	1	1	20.9349345946044	24.3368802813434	1	1	1	1
HIST1H2BJ	1	1	66.6524625246892	25.2677033329347	1	1	1	1
HIST1H2BN	1	1	43.5889982445858	88.5746899966198	1	1	1	1
HIST1H3B	1	1	79.7467951102876	127.088631594177	1	1	1	1
HIST1H3G	1	1	54.0988015262987	92.7040047894723	1	1	1	1
HIST1H4C	74.158304744916	173.855792930718	1873.51912397912	2610.55291305814	333.632866982384	129.970518353018	193.46428018123	192.717832301127
HIST1H4E	1	1	25.5875643488491	22.9681365558502	1	1	1	1
HIVEP1	1	1	1	1	1	1	162.379662886161	152.093392016648
HIVEP2	1	1	1	1	1	1	67.9379356813091	98.3224562426153
HIVEP3	1	1	1	1	1	1	103.421765705724	83.5491040774955
HJURP	1	1	28.8676252252357	31.0751314413827	1	1	1	1
HLA.DMA	1	1	1	24.5242400787773	1	1	211.838683411583	186.62750193203
HLA.DMB	1	1	1	1	1	1	105.96335280257	78.6982947846692
HLA.DPA1	1	1	1	50.1398428146558	1	1	277.992565248671	247.161454355809
HLA.DPB1	1	1	1	61.9195415832436	1	1	430.882026381406	322.748576594456
HLA.DQA1	1	1	1	1	1	1	108.104147831439	107.111300727125
HLA.DQB1	1	1	1	1	1	1	205.422277170318	154.266444059985
HLA.DRA	1	1	1	204.649238837257	1	1	1535.85746794623	1277.39749280161
HLA.DRB1	1	1	1	70.6577288241632	1	1	464.800816999206	379.902292135859
HMBOX1	1	1	1	1	1	1	141.61238331333	165.88277353511
HMGN2	84.4790504008931	99.7414081831787	597.225601542465	1077.46792432332	162.402094301921	107.112100004787	283.497746956751	316.136495356167
HMGN5	1	1	49.643852114735	65.7195284823382	1	1	1	1
HMGXB4	1	1	34.9192427881949	25.4473269606129	1	21.8342462125401	1	1
HMMR	1	1	92.1049048108469	268.578491688377	1	1	1	1
HPRT1	1	1	46.6798962151732	33.6348918673809	1	21.1447367960043	1	1
HRK	1	1	1	1	1	1	164.515848575725	260.364963555913
HSPA14.1	1	1	19.3772820957648	24.3535566388579	1	1	1	1
HTRA2	1	1	30.9739697947003	27.0726885633595	1	21.5726649642833	1	1
HUS1	1	1	23.7848859906897	1	1	1	23.161396071349	1
HYLS1	1	1	18.4252875164935	24.2406672485108	1	1	1	1
ID2	1	1	22.9123520206511	1	1	23.1171787809765	1	1
IDUA	25.841191869614	1	1	27.7508762639464	1	1	1	1
IER5	22.0890124342093	1	1	1	1	21.7425896342032	1	1
IFI27L1	1	28.6492814850324	76.3456029240242	1	1	34.4424891525252	1	1
IFT27	1	1	26.2328590007295	15.4910919325819	1	1	1	1
IG.IGHD	1	1	1	1	1	1	75.2755124771967	99.952304640382
IG.IGHV1.2	1	192.800807703583	80.7853818831882	318.125388009556	1	1	1	1
IG.IGHV3.11	1	124.772226518652	69.8304804821907	1	1	1	1	1
IG.IGHV3.21	1	1	237.296554206518	1	1	134.287821907267	1	1
IG.IGHV3.43	138.571491375422	1	1	1	231.052038129545	1	1	1
IG.IGKV3.15	1	195.153312369851	68.0506233559507	1	1	1	1	1
IG.IGKV4.1	1	99.747094282653	65.7158952780045	1	155.688663064597	1	1	1
IG.IGLC1	50960.8706891955	1425.80753072038	1273.41639957104	3012.36678837697	87180.3308015955	1476.16294838612	15067.0387629524	13164.177989038
IG.IGLC3	23466.2963612614	17880.4449482383	113.437861969038	304.087803111886	173722.877673057	10812.0062134516	7841.94959348651	1227.29306891813
IG.IGLL1	1	1	1	456.68582995347	1	1	572.922536632955	615.667623132614
IG.IGLV2.18	217.588057333529	1	1	1	489.5574821055	1	1	1
IG.IGLV3.21	1	1	80.7555707999039	1	1	62.5565150969601	1	1
IGF1R	1	1	1	1	1	1	64.9443433471907	106.024126523925
IKZF2	1	1	1	83.8876781390937	1	1	532.310011477433	654.575625452024
ILVBL	1	21.0325077293903	27.7887939205025	19.1870120158379	1	1	1	1
IMPDH1	1	1	26.9600648476009	1	1	23.5941881023091	1	1
INO80B	1	1	22.5899986202906	1	1	24.8070041288756	1	1
INO80C	1	1	16.120136908225	1	1	1	1	32.4763395722914
INPP5D	1	1	1	60.4206707507409	1	1	425.276933504248	548.6719302429
INSIG2	1	18.9898187325065	1	1	1	1	37.4122248240808	1
INVS	1	1	1	46.6896561874327	1	1	164.827923381501	194.275857611794
IPMK	1	1	1	1	1	1	115.996301923324	185.094594190147
IQCN	1	1	1	1	1	1	57.0529613219131	123.779036550172
ITGB2	1	1	1	1	1	1	78.2758814066001	26.8293405409015
ITPR1	1	1	1	1	1	1	145.824463480854	145.157067932002
JAK2	1	1	1	1	1	1	90.6117588850715	60.2919991279025
JAZF1	1	1	1	1	1	1	106.154938989965	125.963214352158
JMJD6	1	1	14.8507502514992	1	1	1	32.4392860869436	1
KANK2	1	1	20.1266574824485	1	1	1	189.143968701436	202.534891008016
KANSL1L	1	1	1	59.4053718553661	1	1	279.062002494307	386.922557704604
KCNS3	73.5278945748156	1	1	1	1	60.20941798323	1	1
KDM1B	1	1	1	61.9195415832436	1	1	230.219472627165	254.143926760983
KDM3B	1	1	1	1	1	1	191.773182410341	140.48611788212
KDM6A	1	1	1	38.090707089236	1	1	363.522918954688	354.857362271866
KDM7A	1	1	1	1	1	1	82.9858627795007	63.1971478567563
KEAP1	1	1	26.4462113231025	41.9702315767571	1	1	1	1
KHDRBS2	1	1	1	1	1	1	148.543097488649	114.419088074192
KIAA0232	1	1	1	1	1	1	92.8791011081897	109.362465736281
KIAA0319L	1	1	1	1	1	1	107.860103802586	110.952375407661
KIAA0930	1	1	16.1738441713528	1	1	1	32.9741240033909	1
KIAA1586	1	1	16.9153616165315	34.5782491296289	1	1	1	1
KIAA1958	1	1	1	1	1	1	175.566955343439	120.000358944538
KIF11	1	1	60.4451531560364	121.540106125151	1	1	1	1
KIF14	1	1	37.4281654211354	153.83318401492	1	1	1	1
KIF15	1	1	38.0153529997887	83.5030387888546	1	1	1	1
KIF18A	1	1	31.8161507454698	92.3645931874683	1	1	1	1
KIF20B	1	1	92.9806751498823	142.163425382731	1	1	1	1
KIF23	1	1	40.9086328116022	60.548748785709	1	1	1	1
KIF27	1	1	1	1	1	1	79.2219181272296	93.0944598424214
KIF2C	1	1	18.8225212525791	33.4017422158567	1	1	1	1
KIF4A	1	1	37.4005784616505	81.3229438392557	1	1	1	1
KIFC1	1	1	35.541699770025	63.0550744800513	1	1	1	1
KLF12	1	1	1	1	1	1	242.567021974117	244.713133924853
KLF7	1	1	1	1	1	1	82.6608144656677	86.2121277878779
KLHL14	1	1	1	1	1	1	465.025613785404	590.923792535589
KLHL2	1	1	1	1	1	1	181.983335139142	205.901482151153
KMO	1	1	1	1	1	1	109.145559289807	115.133860334964
KMT5A	1	1	35.2147079397794	44.0468337321116	1	1	1	1
KNL1	1	1	71.60989997797	198.785323579398	1	1	1	1
KNTC1	1	1	24.3352246205865	51.7522020857464	1	1	1	1
KREMEN1	1	1	1	1	1	1	68.0802772429391	136.889963964109
KYAT3	1	1	1	21.8625242241896	1	1	32.3561902804866	1
L3MBTL4	1	1	1	1	1	1	139.31705355553	176.014728579887
LARGE1	1	1	1	1	1	1	73.4377549588371	121.144631509167
LARP4B	1	1	1	1	1	1	166.08809071532	190.215438018938
LAS1L	1	1	26.6356314787098	1	1	21.1632277269813	1	1
LASP1	1	1	1	31.3781261079133	1	1	33.4616126051786	1
LDLRAD4	38.0744785675973	1	1	61.6149471680133	1	36.4495045270823	884.608804808605	1054.76020160121
LDLRAP1	1	1	17.1827016529959	1	1	19.6662392030146	1	1
LEF1	1	1	1	1	1	1	220.32738698954	273.084981696875
LETMD1	1	1	20.717584383294	1	1	22.1887654782692	1	1
LGALS9	1	1	1	1	1	1	90.2701666019108	58.4823581372176
LHPP	1	1	1	1	1	1	254.408110565165	257.674437893729
LIG1	1	1	31.0036272228374	48.7369105382746	1	1	1	1
LIN9	1	1	19.6133574458729	27.2200037159077	1	1	1	1
LINC00426	1	1	1	1	1	1	83.3705390243849	163.307937412338
LINC00472	1	1	1	1	1	1	138.573985155079	235.444706660411
LINC00486	1	1	1	1	1	1	112.825046766549	147.728871478082
LINC01004	1	1	1	1	1	1	142.368501973918	138.217871325805
LINC01013	1	1	1	1	1	1	84.7182123745655	135.226855017722
LINC01128	1	1	1	1	1	1	105.139402740695	122.922273595703
LINC01237	1	1	1	1	1	1	185.399593350293	231.711041128373
LINC01374	1	1	1	1	1	1	1134.65339166875	1381.95336795376
LINC01619	1	1	1	77.1494269790544	1	1	719.925206740944	987.975888929387
LINC02055	1	1	14.9888008927426	1	1	31.9081785259881	1	1
LINC02227	1	1	1	1	1	1	308.533208718618	424.21644509542
LMNB2	1	1	32.2817105276569	27.9589242534757	1	1	1	1
LNPK	1	1	21.5324568719874	1	1	1	30.7278981502761	1
LPCAT4	1	1	20.3810071573568	1	1	18.6214773627774	1	1
LPGAT1	1	1	1	1	1	1	100.116435118445	132.631375460087
LPP	1	1	1	28.471063284703	1	1	331.350410076643	298.461255418642
LRCH1	1	1	1	1	1	1	108.266703327555	138.617763428975
LRCH3	1	1	1	30.7209773283929	1	1	232.725007283491	240.785236694988
LRFN2	1	1	1	1	1	1	56.0353592783838	86.9976050165521
LRIG1	1	1	1	1	1	1	121.950250376663	192.464494247699
LRR1	1	1	39.0401247614828	34.8876382120052	1	1	1	1
LRRC28	1	1	1	1	1	1	149.32899452918	243.637215273066
LRRC8D	1	1	1	1	1	1	116.160434667119	168.980938960304
LRRCC1	1	1	25.0810497421854	43.2111945196019	1	1	1	1
LRWD1	1	1	37.8513259666477	1	1	17.7991969440772	1	1
LTB	1	1	1	1	1	1	120.740456186603	58.1884040031504
LTF	1	1	1	112.522203282415	1	1	170.356956848897	59.2680004290654
LY86	1	1	1	1	1	1	192.145672820242	96.4061234399866
LYAR	1	1	37.9368329581641	37.2122589530937	1	22.3092054467124	1	1
LYPD6B	32.518011005678	1	1	1	1	32.9668380025772	1	1
LYRM7	1	1	28.9282198609761	1	1	17.4910878833777	1	1
LYST	1	1	1	1	1	1	270.220401554319	287.645416866475
MACROD1	1	1	16.5654343170114	1	1	19.2689183623087	1	1
MACROD2	1	1	1	1	1	1	130.933545057348	213.110929099747
MAD2L1	1	1	110.314316156772	160.661759183307	1	1	1	1
MAML2	1	1	1	1	1	1	357.679848363258	576.92237391322
MAML3	1	1	1	1	1	1	202.159731350003	371.077392163642
MANBA	1	1	1	17.9094579192135	1	1	164.202655945366	150.086543651968
MAP2K3	1	1	1	1	1	1	59.5732875138778	108.489118360285
MAP2K4	1	1	1	1	1	1	100.800330662417	118.383769071626
MAP2K5	1	1	1	1	1	1	144.986164237059	186.984141898043
MAP3K3	1	1	1	1	1	1	81.6489479255313	98.1296964354382
MAP3K4	1	1	1	1	1	1	83.3486148913344	78.9970262725383
MAP4K4	1	1	1	53.427907347472	1	1	172.316114637402	132.633633239279
MAP4K5	1	1	1	68.0635526464912	1	1	215.213496576622	205.777286950902
MAPK1	1	1	1	37.9349626993438	1	1	198.761740026578	212.201793356774
MAPK13	1	1	27.6922257163766	1	1	25.5104011416284	1	1
MAPK8	24.5409214059063	1	1	1	1	1	151.411070890949	200.375882586136
MAPKBP1	1	1	1	1	1	1	95.8395853357784	115.5653346527
MAPRE2	1	1	1	1	1	1	84.3106788425683	114.878382084957
MARCH2	1	1	1	1	1	20.8951718553678	32.4795884650183	1
MARCH3	1	1	1	1	1	1	139.728637744446	171.934544229445
MARCH5	1	1	18.753769114752	1	1	1	96.3748529515373	154.004535967511
MASTL	1	1	21.6627715656194	38.8700810498945	1	1	1	1
MBOAT2	1	1	1	1	1	1	79.9032356432771	36.8789216996831
MBP	1	1	1	1	1	1	270.302820220351	266.550654770156
MBTD1	1	1	1	1	1	1	132.723458072976	209.323448700644
MCM3	1	1	77.1586344198443	68.1429482365738	1	1	1	1
MCM5	1	1	53.3916827085723	27.4960844922991	1	1	1	1
MCM7	1	1	102.608735827041	38.9876865028375	1	1	1	1
MCM8	1	1	16.3974619881169	27.9890639203449	1	1	1	1
MCM9	1	1	1	1	1	1	124.626722219422	136.625924677959
MCMBP	1	1	33.5549531726218	22.5400138396393	1	1	1	1
MCTP1	1	1	1	1	1	1	110.973798596865	88.8016734603461
MCU	1	1	1	1	1	1	98.708507780977	98.4734920497189
MEF2C.AS1	33.7372372295924	1	1	1	1	30.7260266112315	1	1
MEGF11	1	1	1	1	1	1	95.7625177613851	124.757612726865
MEGF9	1	1	1	1	1	1	104.451311763745	161.569555276546
MELK	1	1	34.367933198526	77.7717791006149	1	1	1	1
METRN	1	1	20.8127345928001	33.2945043492094	45.2849459938513	1	1	1
METTL16	1	1	1	1	1	1	83.8436842748034	103.264247276967
METTL2A	1	1	24.5381617944439	58.2241720352886	1	1	1	1
MFSD4B	1	1	1	1	1	1	61.760576351671	91.3434716068371
MGAT5	1	1	1	24.3368802813434	1	1	202.049965961757	258.318831534803
MGST1	1	1	82.8497826054206	1	1	61.009756948597	1	1
MIDN	1	1	1	1	1	1	122.698970810706	114.807589622749
MIEF1	1	1	16.537926808685	1	1	21.2950541841946	1	1
MIR181A1HG	1	1	1	57.9804696260845	1	1	627.345091783991	749.235801075277
MIR193BHG	22.218441518119	1	1	1	1	22.9879943801173	1	1
MIS12	1	1	18.7830988646775	31.4597707916218	1	1	1	1
MIS18A	1	1	44.3975222285408	20.6360929073476	1	1	1	1
MIXL1	1	19.6140527450383	1	1	1	23.0621872093647	1	1
MKI67	1	1	230.614938724682	443.522203919196	1	1	1	1
MLKL	1	23.6174683669957	22.9657828580747	1	1	1	1	1
MME	1	1	1	1	1	1	671.232196630724	1104.11616930017
MMS22L	1	1	30.1346862062004	47.8947379689431	1	1	1	1
MOB2	1	1	1	33.3224972907129	1	1	30.3729414734388	1
MPHOSPH6	1	1	28.8639961012	43.2837346069385	1	1	1	1
MPPED2	1	1	1	1	1	1	324.389560513517	382.444092894136
MPV17	1	19.9675853259456	25.8184656530787	1	1	22.0694629996614	1	1
MRPL37	1	1	37.0510491150097	25.7720720018232	1	24.6693389571682	1	1
MRPL45	1	1	18.6258713510734	1	1	18.4686484289397	1	1
MRRF	1	1	14.7416525658863	1	1	19.6970699571503	1	1
MRTFA	1	1	1	1	1	1	222.861038665875	290.020577856358
MSANTD3	1	1	22.0050686316567	35.1456428723114	1	1	1	1
MSMO1	1	1	21.6881972434552	1	1	22.9914013858782	1	1
MTG2	1	18.6137382596671	15.447040818014	1	1	1	1	1
MTM1	1	1	1	1	1	1	94.0350461079811	60.8262980961061
MTMR1	1	1	1	43.3893795305555	1	1	403.314619790158	575.840052658029
MTMR10	1	1	1	1	1	1	101.808175355528	98.7831262950945
MTMR12	1	1	1	1	1	1	105.019147804035	113.609519597289
MTMR3	1	1	1	1	1	1	122.137948655441	117.944846673704
MTSS1	1	1	1	59.2853968545137	1	1	526.062799182123	509.413772549624
MVP	20.0443087786446	1	1	1	1	27.7018111619214	1	1
MXD3	1	1	36.8185309705854	106.776427541465	1	1	1	1
MYADM	1	1	1	1	1	1	102.673632273209	98.7368893964501
MYB	1	1	1	1	1	1	334.440609530609	468.627040529281
MYEOV	125.306115503757	1	28.5686193909372	16.2564455096381	1	65.3658850155842	1	1
MYLIP	1	1	1	1	1	1	119.586800087713	156.024982791035
MYLK	1	1	1	1	1	1	94.2605724343182	167.361847169888
MYO15B	1	1	1	1	1	1	73.928972260259	134.861905978401
MYO19	1	1	18.529871631221	1	1	1	37.6802909546215	1
MYO1C	1	1	1	19.1870120158379	1	1	219.326039338104	198.567085776786
MYO1F	1	1	1	1	1	1	108.42893406685	55.4415832606847
MYO9A	1	1	1	1	1	22.6996888941885	137.182616566715	200.50273557358
NADK2	1	1	24.8127637856173	1	1	18.3251994428491	1	1
NAT10	1	1	1	32.10657056619	1	1	1	26.0824525004723
NAV1	1	1	1	1	1	18.2195912195009	127.839123353043	188.333964788648
NCAPD3	1	1	63.3508625753423	81.9016305206041	1	1	1	1
NCAPG	1	1	57.940269918193	70.9834725961192	1	1	1	1
NCAPG2	1	1	44.9446060348189	78.2828751810722	1	1	1	1
NCAPH	1	1	21.8750017184908	24.4306838888753	1	1	1	1
NDC80	1	1	58.7712752572874	43.2609567869782	1	1	1	1
NEIL1	1	1	1	1	1	1	207.222628887885	263.354596050797
NEK2	1	1	28.7361724687054	55.6432684164878	1	1	1	1
NEK7	1	1	1	1	1	24.5982713341488	122.887100702346	178.525294094903
NELFB	1	1	28.6065521674981	1	1	1	1	32.1044956421668
NEPRO	1	1	1	24.1192653751958	1	20.4018839166093	1	1
NET1	1	1	26.7123487947727	21.8413557642026	1	1	1	1
NFAT5	1	1	1	1	1	1	179.680593081758	147.979865078092
NFE2L3	1	1	1	35.2104322186284	1	27.4314711007965	1	1
NFIL3	1	1	17.081988317359	1	1	19.4433973914398	1	1
NFKBIL1	1	1	20.1235064708944	1	1	19.3472152611499	1	1
NFKBIZ	26.7209516958174	1	1	1	1	1	24.1074746499458	1
NIBAN3	1	1	1	122.869466150347	1	1	1153.33066218056	1167.24112978359
NLRC5	1	1	1	61.9330403309016	1	1	168.864358050655	144.711967522543
NLRP1	1	1	1	1	1	1	85.3943846440858	71.3185334197275
NMB	1	1	42.9741202593113	1	1	26.7166103963318	1	1
NMRAL1	1	22.4519432397495	23.6859436628041	1	1	1	1	1
NOP14	1	1	32.263126374975	15.8452460455717	1	22.3693762362418	1	1
NOP16	1	1	34.7858319942036	1	1	22.6336199285469	1	1
NPC1	1	1	1	1	1	1	85.8017846106755	57.2213603797761
NPIPB4	1	1	1	1	1	1	109.444883921047	126.891866051443
NPM3	1	1	24.0760343129862	1	1	23.6088143012032	1	1
NPRL2	1	1	22.7444965254308	20.8969301659123	1	1	1	1
NR2C1	1	1	1	1	1	1	60.2095226214798	94.614503897515
NR6A1	1	1	1	1	1	1	118.853707461399	108.704617437448
NREP	1	1	1	1	1	1	99.0075470765091	140.189521832023
NRF1	1	1	1	61.236906623803	1	1	172.510298829086	240.270227647042
NRIP1	1	1	1	1	1	1	175.104326278581	207.806165894621
NT5C2	1	1	35.6015024899053	44.8801146079119	1	1	378.327286553245	451.859897831004
NTHL1	1	1	38.9911043109262	1	1	36.2023272611297	1	1
NTPCR	1	1	17.698627441096	1	1	23.925873561605	1	1
NUDT1	1	1	112.771330661325	197.211183739616	1	26.2158877145895	1	1
NUDT9	1	1	22.3056086361138	1	1	16.7510081412431	1	1
NUF2	1	1	73.4321919425779	115.16840391281	1	1	1	1
NUP205	1	1	17.4321525342381	29.9608999591192	1	1	1	1
NUP37	1	1	34.7250781092243	45.9788224037881	1	1	1	1
NUP62	1	1	29.7564588914434	1	1	18.5117739760857	1	1
NUSAP1	1	1	241.658183882203	524.470069157858	1	1	1	1
OGFRL1	1	1	1	38.3282212310435	1	1	319.488661890866	320.842768406632
ORC6	1	1	32.598658636266	33.3610714499615	1	1	1	1
OXCT1	1	1	35.8307873498152	1	1	22.441404330158	23.8517994577453	1
P2RY8	25.3803984148245	1	1	63.7063098251144	1	1	265.973506677776	187.910464026211
PACSIN2	1	1	1	1	1	1	180.65310072563	133.765219636772
PADI4	1	1	1	1	1	1	82.8998378820285	66.375953055243
PAG1	1	1	1	66.087464511617	1	1	262.252745012941	252.934367331128
PAGE5	1	1	132.468300880115	1	1	71.5231050007673	1	1
PAM	1	1	1	1	1	26.7871907944653	36.3200879121041	1
PAN3	21.6541193773861	1	1	85.7787590611108	1	1	755.519289987383	796.670875496325
PARG	1	1	1	1	1	1	59.9023802735162	96.6731388087644
PARN	1	1	1	1	1	1	78.5561770190272	105.03782320766
PARP15	1	1	1	1	1	1	179.365095511576	118.025921343056
PARP2	1	1	23.1444724568922	49.9572638723785	1	1	1	1
PARP4	1	1	1	1	1	1	101.083186322619	58.8674134849344
PARP8	1	1	1	1	1	1	255.667394019697	295.996237108032
PARPBP	1	1	37.6645478745058	104.786266225562	1	1	1	1
PART1	1	1	1	1	1	1	107.005697883006	104.641897404532
PAX5	1	1	1	153.298853958109	1	1	1104.36441367217	1148.38670343675
PAXIP1.AS1	1	1	18.1738245261632	37.0422041096998	1	1	1	1
PBK	1	1	33.8523974270708	42.6008866753932	1	1	1	1
PBX3	1	1	1	122.839083166487	1	1	174.72849556154	172.755493280016
PCCA	1	1	1	1	1	1	97.7157848554062	95.6838151028577
PCDH9	1	1	49.1608713436858	79.0463122862615	1	1	2558.12002416124	4499.61760799047
PCDH9.AS2	1	1	1	1	1	1	165.266339880545	278.378609897679
PCID2	1	1	20.8347809091113	1	1	1	1	37.4681615450663
PCIF1	1	1	1	17.2008711079284	1	1	39.4574713597844	1
PCLAF	1	1	254.737303523195	332.200548049634	1	1	1	1
PCNA	1	1	123.248590037098	93.5959160055729	1	21.2078457406776	1	1
PCNT	1	1	21.7002348065405	28.8090041931986	1	1	1	1
PCNX1	1	1	1	1	1	1	193.011280917823	293.59383807833
PDCL	1	1	23.8948305353887	1	1	1	32.3832940058678	1
PDE4D	49.9130858352108	1	46.7194812918858	72.4468891613908	1	1	3658.89547235289	4122.16536420061
PDE8A	1	1	1	1	1	1	83.1308115086172	53.5093282692544
PDLIM5	1	1	1	1	1	24.1143180660398	73.3964756894503	1
PDPR	1	1	1	29.2207696379108	1	1	30.1870527319887	1
PDSS2	1	1	1	1	1	1	135.15484315686	182.638889966289
PDZD11	1	1	33.8604253183431	1	1	24.5941651666951	1	1
PELI2	1	1	1	1	1	1	321.453152953043	518.15533664542
PELO	1	1	21.2885973549056	20.4205548531153	1	1	1	1
PELP1	1	1	33.5202620106618	32.4197676380085	1	1	1	1
PET117	1	1	22.3236034406619	16.4910426203767	1	1	1	1
PEX14	1	1	1	1	1	1	47.2944730417522	85.6754384725735
PGGT1B	1	1	1	1	1	1	94.1604262278187	135.744471301119
PGRMC1	1	19.138702969157	26.1300790824244	1	1	1	1	1
PHC2	1	1	1	1	1	1	44.6116835536783	1
PHF19	1	1	116.774926357688	96.584280617209	1	1	1	1
PHF21A	1	1	1	1	1	20.6804590399871	213.195099535331	307.968506879985
PHF5A	1	1	17.5005013643075	1	1	1	30.2080934737806	1
PHKG2	1	1	23.0688274393492	15.4910919325819	1	1	1	1
PHLPP1	1	1	1	1	1	1	257.078109335945	265.431673935785
PIBF1	1	1	1	1	1	1	198.195557789358	254.459154628541
PIF1	1	1	33.8205664640931	70.7973030890629	1	1	1	1
PIGM	1	1	27.3106824522025	26.4314498108784	1	18.2620413158876	1	1
PIK3AP1	1	1	1	77.1494269790544	1	1	459.254821316125	502.680916800996
PIK3C2B	1	1	1	1	1	1	117.917208587027	141.858810594127
PIK3CD	1	1	1	106.973448826389	1	1	307.377701871137	279.983147046063
PIP4P2	1	1	20.5788698950692	24.6107683616774	1	1	1	1
PITHD1	1	1	27.3352251913706	1	1	1	37.7857237686807	1
PITPNM2	1	1	1	1	1	1	563.786928688826	893.460740902335
PKD2	1	1	1	1	1	1	112.811412495093	114.839123817733
PKP4	1	1	33.4843244317934	37.4030699846438	1	1	1	1
PLAAT2	1	1	40.1408974857259	1	1	29.0896761811103	1	1
PLAGL1	1	1	1	1	1	1	87.2407676709106	63.0134540966776
PLD5	1	1	1	1	1	1	156.774411985902	278.55101467473
PLEKHA2	1	1	1	40.3743651353291	1	1	553.757327747829	713.334340223854
PLEKHG1	1	1	1	1	1	1	492.525738092201	534.019591348167
PLK1	1	1	39.6508269935671	76.6211872608631	1	1	1	1
PLTP	1	1	36.1983515241864	1	1	32.903381358232	1	1
PLXDC2	1	1	1	1	1	1	67.8327444447691	153.291517406849
PMM1	1	1	15.6476542474343	34.1050263550072	1	1	1	1
PNP	1	29.6211883251369	44.6494199076666	1	1	28.1661338540079	1	1
PNPLA4	1	18.5087974683911	16.2416952549915	1	1	1	1	1
PNPLA7	1	1	1	1	1	1	40.837422098388	107.499190486067
POC1A	1	1	27.5932964038552	36.9791244524023	1	1	1	1
POGK	1	1	21.7427268571731	1	1	16.4520110867442	1	1
POLD3	1	1	30.8467895947559	61.177944244164	1	1	1	1
POLDIP2	1	1	30.3243303492862	1	1	23.8141733844007	1	1
POLQ	1	1	30.5602391535216	65.601829599209	1	1	1	1
POLR3D	1	1	20.1898169907153	1	1	25.7404095640187	1	1
POLR3H	1	1	24.2192481689827	1	1	20.6658796189767	1	1
PPAT	1	20.5842112872772	33.3589014842294	1	1	27.4529024335035	1	1
PPID	1	1	22.0159017695881	1	1	1	22.5136552325462	1
PPIF	1	1	28.2950330313746	1	1	19.1656923382311	1	1
PPM1L	1	1	1	1	1	1	90.3761663464051	127.284925154614
PPP1R16B	1	1	1	1	1	1	102.727487594894	121.206850154506
PPP1R21	1	1	1	1	1	1	93.9165426129926	101.445307859294
PPP2CB	1	1	19.1791172921381	1	1	1	1	35.541217955813
PPP5C	1	1	17.7226346638063	1	1	1	40.8534751761267	1
PRC1	1	1	72.9661647949086	233.079469581237	1	1	1	1
PRIM1	1	1	39.3529780457026	22.9696768522884	1	1	1	1
PRKCE	1	1	1	183.758624749731	1	1	816.337415459182	849.634868284488
PRKCI	1	1	26.7550317431492	18.9873799810594	1	1	1	1
PRKX	1	1	1	1	1	1	80.1990303159368	110.816471221727
PRPF3	1	1	1	1	1	1	55.4942770590913	95.7074122439159
PRPF4	1	1	30.5441822105337	1	1	22.3103898483379	1	1
PRPS1	1	1	20.7179362163122	25.8797647803851	1	1	1	1
PRPSAP1	1	1	37.5013448832241	20.3608411655258	1	1	1	1
PRR11	1	1	32.7463309322388	86.388466629051	1	1	1	1
PSD3	1	1	1	1	1	1	82.7747225996783	117.336791121532
PSEN1	1	1	1	1	1	1	188.959345006624	218.24431727925
PSMD10	1	1	21.3868473995441	1	1	19.6054958867607	1	1
PTBP2	1	1	1	48.6880519718748	1	1	326.775549233202	337.014772112539
PTPN12	1	1	1	1	1	1	147.032508617826	119.176437401798
PTPN9	1	1	1	1	1	1	68.0628490089041	103.29432240554
PTPRD	1	1	1	1	1	1	134.867089273481	219.727492711724
PTPRE	1	1	1	1	1	1	167.253575241322	229.920895178552
PTPRJ	1	1	1	1	1	1	466.981492755568	349.439818465044
PTTG1	1	30.8614610298115	270.623917389481	600.525206553308	1	37.600380784484	1	1
PUDP	1	1	1	1	1	1	123.672853166187	156.526773011111
PXMP2	1	1	30.3013667409032	30.392496481942	1	1	1	1
QDPR	1	1	27.7144424322539	1	1	20.9928021584416	1	1
QRSL1	1	1	1	64.5840692958331	1	1	230.353719077108	226.647294477396
R3HCC1L	1	1	1	1	1	1	132.144536418408	161.832376632045
RAB4B	1	1	1	1	1	1	94.4833305951773	69.9158050143607
RABGEF1	1	1	1	1	1	1	193.339947975336	214.47292700645
RABIF	1	1	29.5406497989775	1	1	20.423714058474	1	1
RACGAP1	1	1	27.0303079046447	56.925982294634	1	1	1	1
RAD1	1	1	28.6052924256398	21.1050262140434	1	1	1	1
RAD51	1	1	22.5127521176618	1	1	1	39.8276009036147	1
RAD51AP1	1	1	48.0569808463512	44.5516337614612	1	1	1	1
RAD51B	1	1	1	1	1	1	224.60565339326	249.330314927487
RAD51C	1	1	58.6575809814413	66.6736235417231	1	18.7539063016731	1	1
RAG1	1	1	1	1	1	1	75.8647967954062	141.224005240759
RAG2	1	1	1	1	1	1	113.888574406768	176.553310891485
RALGAPA2	1	1	1	1	1	1	111.163764991384	78.6043968416178
RALGPS1	1	1	1	1	1	1	127.6910420502	138.622156579226
RANBP3	1	1	20.1830074808477	19.6602272751952	1	1	1	1
RAP2B	1	1	21.0842251343884	1	1	22.4657012070839	1	1
RAPGEF5	28.5273856814182	1	28.9183609198123	56.0773070104139	1	1	723.485695526069	844.977262843225
RASAL1	1	1	1	1	1	1	131.970380010548	131.114491034876
RASGRP2	1	1	1	1	1	1	90.2048133687203	109.913185075387
RASSF2	1	1	1	1	1	1	82.913531129767	104.825735313898
RASSF3	1	1	1	1	1	1	126.927204741719	116.693483786917
RBBP5	1	1	19.5667039575178	1	1	1	31.7036089827654	1
RBBP8	1	1	43.2606339597566	61.2351173673175	1	1	1	1
RBFA	1	1	31.6609108931221	1	1	30.6661867255702	1	1
RBFOX2	1	21.3388776961718	1	1	1	24.7590851316516	1	1
RBL1	1	1	35.5301778591725	1	1	1	31.7021298855531	1
RBM12B	1	1	16.5242168788335	1	1	1	1	31.0580613121613
RBM14	1	1	16.0924786367015	32.0705217947327	1	1	25.8987599126915	1
RCCD1	1	1	42.6413991430496	74.5593547600274	1	1	1	1
RCL1	1	1	12.2621000569367	1	1	1	138.825276016164	146.71116571065
REL	1	1	1	1	1	1	102.165225596495	111.464901581807
RELCH	1	1	1	1	1	1	111.697419800924	110.129835225702
RELL1	1	1	1	31.4597707916218	1	1	156.0045703818	218.898525787747
REPS1	1	1	1	1	1	1	116.553631472969	148.931754985289
REXO1	1	1	17.8010895027243	22.4299179668722	1	1	1	1
RFC2	1	1	28.609084573468	27.4229336987563	1	1	1	1
RFC3	1	1	32.074461496291	1	1	1	47.4707882232048	1
RFC4	1	1	51.9239129674195	44.6081952995101	1	1	1	1
RFLNB	1	29.0457729519871	67.6545798304873	1	1	1	1	1
RFTN1	1	1	1	1	1	1	91.4579809606259	118.893302046901
RFX3	1	1	1	80.4800866197913	1	1	360.525395333953	509.128533319972
RFX7	1	1	1	1	1	1	213.073980769643	304.325175166465
RGS10	1	1	27.7355851029543	1	1	27.316915837168	1	1
RGS2	1	1	1	1	1	1	103.766643620481	70.2687000713425
RHOC	1	1	20.4567845104937	1	1	25.8052835367792	1	1
RIC3	33.7687222695446	1	1	1	1	23.8765110826592	1	1
RIC8A	1	1	17.5622270699725	26.4818404204768	1	1	1	1
RIMKLB	1	1	1	1	1	1	75.6479809088003	117.517224286456
RIMS3	1	1	1	1	1	1	84.1366168671989	82.4296697156127
RIPOR1	1	1	1	1	1	1	98.2105722167159	145.565836130884
RIPOR2	1	1	1	40.0695113513591	1	1	477.454235289136	452.255019671234
RMI1	1	1	30.6452989374267	23.6953688538127	1	1	1	1
RND3	63.727366049921	1	1	1	1	35.24076641559	1	1
RNF125	1	1	1	1	1	1	88.158684257673	95.9808456161346
RNF144B	1	1	1	1	1	1	142.433010792731	124.730729330934
RNF38	1	1	1	19.4601647481965	1	1	175.090276458562	192.341851783931
RNF41	1	1	1	1	1	1	79.034623896625	107.50844680465
ROR1	1	1	1	106.973448826389	1	1	497.625309979164	972.711875556273
ROR1.AS1	1	1	1	1	1	1	32.1787367425677	84.4636125928629
RPL39L	1	1	86.9178598718749	117.750059753976	1	1	1	1
RPP40	1	1	37.1880730123299	1	1	19.6505411546164	1	1
RPS6KA1	1	1	1	33.2090295332625	1	1	132.319371818788	175.097762601488
RPS6KA5	1	1	1	1	1	1	96.4108360732484	78.4641492544755
RPUSD3	1	1	15.2110128854865	1	1	18.8818388373189	1	1
RRM1	1	1	65.5695939117133	41.0919195071452	1	1	1	1
RRM2	1	1	186.726071100408	306.602409180077	1	1	1	1
RRNAD1	1	1	18.6129284853172	21.187777937841	1	1	1	1
RRP1	1	1	34.9755275640442	1	1	22.8016032698514	1	1
RRP8	1	1	22.1440307539635	34.5782491296289	1	1	1	1
RSBN1	1	1	1	1	1	1	84.5110859856367	53.6898087601826
RTL8A	1	1	20.6262069051831	1	1	18.9303943124305	1	1
RUBCNL	1	1	1	1	1	1	789.890376047223	1113.84468139047
SAC3D1	1	1	52.1247217603156	37.6399078116228	1	1	1	1
SAMD1	1	21.6699620516949	47.0384398548665	1	1	20.1812855506535	1	1
SAMD8	1	1	1	1	1	1	106.306939062554	116.275020218206
SASH3	1	1	1	1	1	1	93.8440612366338	90.250216115731
SASS6	1	1	18.4522581372472	26.6156027358785	1	1	1	1
SBF2	27.5015874163883	1	1	1	1	1	210.640355292112	259.096674254339
SCAF4	1	1	1	1	1	1	78.9877776256995	111.264366922055
SCAF8	1	1	1	44.1741293398889	1	1	177.300264673513	166.99982583977
SCAI	1	1	1	1	1	1	96.4816263828761	117.077373311537
SCMH1	1	1	1	1	1	1	484.117640017526	658.660387408938
SCML2	1	1	1	23.365036317423	1	1	1	39.5928397176149
SEC24B	1	1	1	1	1	1	145.821377029029	137.896254427311
SELENOO	1	1	1	39.5767266686804	1	1	170.007382389859	202.139673590337
SEMA4D	1	1	1	1	1	1	67.7145805647834	95.0890038142068
SENP7	1	1	1	1	1	1	131.953694251292	147.170983176282
SERPINB9	1	1	1	46.6293733495526	1	1	28.6823284775368	27.8121823155638
SESN3	1	1	1	1	1	1	83.9599612822478	87.8034641070439
SGF29	1	1	1	31.4597707916218	1	19.6089780838843	1	1
SGMS1	1	1	1	46.6896561874327	1	1	173.300582455266	248.37336843528
SGO1	1	1	38.2550381291488	112.330840945049	1	1	1	1
SGO2	1	1	56.8268866404909	176.060804984817	1	1	1	1
SH2D3C	1	1	1	1	1	1	192.590251828191	193.710657600992
SHCBP1	1	1	53.0793273118586	53.1654333345149	1	1	1	1
SHMT1	1	1	14.801660830221	25.2677033329347	1	1	1	1
SIAH1	1	1	1	1	1	1	84.5113527021994	125.85400035385
SIDT1	1	1	1	1	1	1	88.4229155305836	66.1324140979297
SIGIRR	25.2902202969562	1	1	1	1	26.9661811983748	1	1
SIK2	1	1	1	1	1	1	115.580360294924	112.112613558085
SIMC1	1	1	1	1	1	1	205.605185084807	250.770553903859
SIPA1L1	1	1	22.9556276793048	1	1	1	176.664469582006	151.311738998296
SIPA1L3	23.7901713427151	1	1	72.0935551603156	1	1	354.517693094653	374.091248476121
SKA2	1	1	97.1336669885208	168.993545964359	1	21.4219114428557	1	1
SLAMF6	1	1	1	1	1	1	97.81139349961	142.756483762932
SLC10A7	1	1	1	1	1	1	86.2971769217275	68.4634392866949
SLC15A2	28.8545684663298	1	1	1	1	1	38.6079560528919	1
SLC20A1	1	1	30.0181388165178	29.6502292121011	1	1	1	1
SLC23A2	1	1	1	1	1	1	87.5979199085475	93.9475835129915
SLC25A32	1	1	19.7580816442535	1	1	1	1	45.8012881497895
SLC35F1	27.3215295831876	1	1	1	50.6169989779705	1	1	1
SLC36A4	1	1	28.5192232256355	1	1	1	35.7437877911238	1
SLC38A9	1	1	1	1	1	1	132.14495138388	138.366322400785
SLC39A6	1	1	14.6830162164152	1	1	16.912074958523	1	1
SLC44A2	1	1	1	1	1	1	207.927387145138	194.891314051953
SLC66A3	21.553349643298	1	1	1	1	19.26962468462	1	1
SLC7A5	1	33.6832317406188	27.1952496316234	1	1	1	1	1
SLC8A1.AS1	1	1	1	1	1	1	106.698429153309	165.864830737552
SLC9A7	1	1	1	1	1	1	466.24395331696	675.18645500145
SLCO5A1	1	25.9804622143251	1	1	1	32.8999963673901	1	1
SMAD3	1	1	1	1	1	1	133.228578740291	142.354796729077
SMAD7	1	1	1	1	1	1	74.7261356064845	121.200811191884
SMCO4	1	1	31.1206070993381	23.1701052952616	1	1	1	1
SMIM12	1	1	25.6785009853708	1	1	21.7580432525617	1	1
SMURF1	1	1	1	1	1	1	130.511140947158	152.843756043837
SMURF2	1	1	1	1	1	1	201.203535541822	147.676586581846
SNAP47	1	1	17.6869565115302	1	1	22.3282412752652	1	1
SNRNP25	1	26.6473846594415	83.3215784687129	27.9650177989949	1	25.107318460881	1	1
SNTB1	1	1	1	1	1	1	202.464235163098	303.112603615973
SNX18	1	1	1	15.4129147755829	1	17.9820514578934	1	1
SNX25	1	1	1	99.1175635349047	1	1	209.98876942264	197.235616123473
SNX30	1	1	1	1	1	1	98.5501377535978	82.8221236315735
SNX9	1	1	1	1	1	1	173.864723950596	208.717301115204
SOX4	1	1	1	167.237649943026	1	1	677.246996336752	831.200213419967
SPAG16	1	1	21.1737922571863	27.4357080753421	1	1	1	1
SPAG5	1	1	18.9190345981456	37.7373730881608	1	1	1	1
SPATC1L	1	1	22.7575613728858	1	1	23.6532006916085	1	1
SPC24	1	1	30.4196148716576	48.7369105382746	1	1	1	1
SPC25	1	1	62.2311389426566	34.7737559411087	1	1	1	1
SPDL1	1	1	19.3226209602638	33.4145026516851	1	1	1	1
SPEF2	1	1	1	27.7982159905672	1	17.1425375312567	1	1
SPIB	1	1	1	1	1	1	404.611693095357	265.486143006912
SPIDR	1	1	35.2231196071555	1	1	1	399.308481256591	671.643328176291
SPIN1	1	1	1	1	1	1	127.999282987851	125.775365340632
SPOPL	1	1	1	1	1	1	126.739997052779	144.807713975935
SSBP2	1	1	133.512892490351	239.708132449928	1	26.6291064558648	2603.32158204966	3813.88198864545
SSBP3	1	1	1	1	1	1	172.271692819037	197.983353577318
ST3GAL3	1	1	1	1	1	1	90.0414429054605	68.592928910035
ST6GALNAC3	1	1	1	1	1	1	126.715044912772	65.8008809086113
STARD4.AS1	1	1	1	1	1	1	81.072730990451	94.4814942245562
STK3	1	1	1	1	1	1	54.5518076847759	113.954504130301
STK32B	1	1	1	1	1	1	224.221164880265	478.931649142072
STK33	1	1	1	1	1	1	90.6660704582852	153.033752311282
STK39	1	1	1	1	1	1	71.4920745956449	98.8517966556802
STOM	1	1	31.002048166645	1	1	20.8345594715974	1	1
STRN	1	1	1	1	1	1	77.3366772241624	48.2137556213198
STRN3	21.5752333434087	1	19.950375654954	1	1	1	188.538575053179	259.957555452521
STS	1	1	1	1	1	1	67.567309810856	101.625589120271
STX10	1	21.0625615070724	29.2416266416164	1	1	21.731449453413	1	1
STXBP5	1	1	1	1	1	1	98.3694346363059	109.139431128453
SUMF1	1	1	1	1	1	1	100.730716921051	110.449444442543
SUPV3L1	1	1	1	31.4566361911915	1	1	1	33.2631138728181
SUSD6	1	1	1	1	1	1	153.882160438456	165.780071059759
SWAP70	1	1	1	1	1	1	95.0127411487602	74.3045002881361
SYK	1	1	58.5093296828774	160.970127986727	1	1	1296.01060261088	1532.82024015102
SYT1	1	1	23.9963254407761	24.7389210772805	1	47.2003009494823	1	1
TACC3	1	1	46.4790516784981	126.648727647779	1	1	1	1
TAF1	1	1	1	1	1	1	106.215828713042	128.145406282122
TAF4B	1	1	26.4378950247212	1	1	23.0118450688491	1	1
TAPT1	1	1	1	75.3960439033222	1	1	407.76314619908	485.753500556452
TAPT1.AS1	1	1	1	1	1	1	235.255617331441	404.346412941006
TASP1	1	1	1	1	1	1	136.095737666506	159.39341913328
TAX1BP3	1	1	1	1	1	1	82.3087496527889	61.0874896055422
TBC1D10C	1	1	1	1	1	1	102.134719725421	52.5380942534467
TBC1D22A	25.1966733682985	1	1	1	1	37.1909121176482	216.009382110442	324.646537256717
TBCK	1	1	1	1	1	1	97.3979725074924	163.619784562892
TCF19	1	1	19.1962171226033	29.5940707083127	1	1	1	1
TCL1A	1	1	1	77.1494269790544	1	1	901.178784687489	852.762261525954
TCL1B	1	1	1	1	1	1	86.3391272449445	103.852155324046
TCL6	1	1	1	61.9195415832436	1	1	270.794766507639	244.364023796482
TEN1	1	1	17.8505590159762	1	1	21.6275006290359	1	1
TET1	21.4259835347199	1	1	1	1	31.1619764126573	1	1
TET3	1	1	1	1	1	1	157.74827296972	176.596932883956
TEX14	63.791592429031	1	1	1	1	1	42.4820611807085	45.1373175466667
TFCP2	1	1	1	1	1	1	126.34796479827	142.801210842791
TFDP1	1	1	49.1341403636162	54.3179526592126	1	21.9037412310506	1	1
TFRC	1	1	23.4497377402708	1	1	1	62.1596085733772	1
TGFBR1	1	1	1	1	1	1	41.5715599696639	91.1579783895969
TGFBR2	1	1	1	1	1	1	444.372668782485	387.642556830854
TGFBR3L	1	1	33.8179579737943	1	1	25.7012192890962	1	1
TGIF2	1	1	1	1	1	1	78.2259851446736	104.223406080546
THAP11	1	1	13.8654959167284	1	1	1	19.7606471310103	1
THOC3	1	1	26.1912397414457	1	1	1	22.1963178904969	1
THY1	1	143.858438515191	61.6950820306548	1	1	1	1	1
TIMD4	1	1	23.7920296100364	49.7847715299093	1	1	1	1
TIPIN	1	1	42.3469817428704	20.1330120423323	1	1	1	1
TK1	1	1	66.8729157739324	63.7109404963129	1	1	1	1
TLE1	41.147521753273	1	1	1	1	23.4688271932054	316.407001529417	292.883995557672
TMC3.AS1	23.3743257611691	21.5021962436311	1	1	1	1	1	1
TMEM131L	1	1	1	297.725656713888	1	1	1943.62623308438	2452.86226907201
TMEM135	1	1	1	1	1	1	58.5079266968218	93.3192033247494
TMEM14A	1	1	38.040973448434	37.9623384599978	1	26.9691905544503	1	1
TMEM156	44.8135645442039	1	1	1	1	1	32.3549072930263	1
TMEM170A	1	1	15.0736599799588	1	1	1	33.5524297610798	1
TMEM209	1	1	22.5908173671153	47.6327396503577	1	1	1	1
TMEM218	1	1	19.1104219281488	56.455481270574	1	1	1	1
TMEM267	1	1	1	1	1	1	87.5626652275673	64.0976283723383
TMEM38A	1	1	1	1	1	1	168.065867748996	284.049266067883
TMEM60	1	1	24.6013560412623	19.4952492042431	1	1	1	1
TMEM97	1	1	45.6437593961599	34.5791449088361	1	19.8362436868455	1	1
TMLHE	1	1	1	1	1	1	166.027452128124	179.323387594796
TMLHE.AS1	1	1	1	1	1	1	97.248915825413	120.674036009799
TNFRSF21	1	1	1	1	1	1	123.117095172379	207.477977928695
TNK2	1	1	1	37.8368637928524	1	1	81.4599106250959	160.823945187349
TNKS	1	1	1	1	1	29.9002608093603	218.259009337686	235.520133460796
TNPO2	1	1	18.4037958563848	23.6807093447221	1	1	1	1
TOGARAM1	1	1	1	37.7509146496196	1	1	149.665466983794	186.768860413051
TOLLIP	1	1	18.9543246970507	1	1	19.6355996236111	1	1
TOP2A	1	1	202.616664738563	505.934813775297	1	1	1	1
TP53RK	1	1	15.3063804736862	15.8452460455717	1	1	1	1
TPT1.AS1	1	1	1	1	1	1	107.152433818243	132.639083828106
TPX2	1	1	127.385762708381	259.770713682866	1	1	1	1
TRAF3IP2.AS1	1	1	1	1	1	1	112.181969392285	114.23236004106
TRAK1	1	1	1	98.7056542572493	1	1	361.482900459643	422.407173759323
TRAP1	1	1	36.9398903401014	1	1	28.9480112457966	1	1
TRAPPC8	1	1	1	1	1	1	129.515406192142	139.575119951762
TRAPPC9	28.1748163004981	1	1	1	1	1	187.205223065866	238.20166094237
TRIM22	1	1	1	1	1	1	141.135753977783	169.409918045257
TRIM59	1	1	34.1749744342278	61.8713207348784	1	1	1	1
TRIO	1	1	1	1	1	1	77.9988664728963	102.320823915547
TRMT11	1	1	1	44.8396219890629	1	23.0284510790657	1	1
TROAP	1	1	33.4421787611339	84.76302091692	1	1	1	1
TRPS1	1	1	1	1	1	1	151.241933673078	159.346564129756
TRRAP	1	1	19.0248703228906	1	1	1	112.075027627671	155.442629346656
TRUB2	1	19.5365322537654	36.1815278598097	1	1	25.3810533069308	1	1
TSPOAP1.AS1	1	1	1	1	1	1	110.651912233455	125.845219615496
TSR2	1	1	17.7175378175659	22.9681365558502	1	1	1	1
TTC21A	1	1	1	1	1	1	55.5991727527257	99.8087328223531
TTC28.AS1	1	1	19.4835295788375	1	1	1	24.4697938169503	1
TTC7A	1	1	1	85.7787590611108	1	1	589.639471314012	791.94218871815
TTF2	1	1	28.4439740563673	45.6854750520151	1	1	1	1
TTK	1	1	26.0450707128029	51.0176022853745	1	1	1	1
TTLL5	1	1	1	1	1	1	66.4482956432924	95.804154851968
TUBA1A	1	1	1	69.2245539521073	1	1	202.550847594808	169.515836994653
TUBA1B	111.89711149179	143.650524526367	984.837122848107	1689.2217915152	178.305636169906	124.719095657474	150.974395205683	138.261748207705
TUBB	75.0333792939371	68.1848600130324	576.856112290371	534.912506335216	45.895501947367	97.7044504170403	76.1126315233786	96.2118703925586
TUBB4B	61.0658828347321	84.5296043517036	360.034394152708	569.720929331501	75.6548594603951	68.647716479916	46.5200377265525	46.9265653126718
TUBB6	1	1	1	1	1	1	64.9834238026442	111.668976902749
TYK2	1	1	20.3798195167677	1	1	1	1	46.0670354934462
TYMS	1	1	241.263722729747	207.248460717822	1	1	1	1
TYROBP	1	45.7921572677663	1	1	1	1	75.6811071682821	1
TYW1B	1	1	1	1	1	1	90.3002524593133	74.7058861205009
U2AF1L4	21.4843119031178	20.5663671531893	1	1	1	1	1	1
UBAC2	1	1	1	53.9867244131942	1	1	304.834296029454	389.812001084798
UBAP1	1	1	1	1	1	1	109.753759491367	144.701094840951
UBASH3B	1	1	1	1	1	1	206.785971762466	240.61843276798
UBE2C	1	1	163.579692852998	280.538817425376	1	1	1	1
UBE2T	1	1	133.070194241839	140.200067038982	1	1	1	1
UBL4A	1	1	23.8110632215818	1	1	19.1409427916837	1	1
UBL7.AS1	1	1	24.4540002885686	66.087464511617	1	1	1	1
UBR1	1	1	1	62.577858605193	1	1	150.761859603826	166.626361558455
ULK4	1	1	1	1	1	1	122.9249481621	120.90698208132
UMPS	1	1	27.6513906517136	22.7975549476414	1	1	1	1
UROD	1	1	38.4877352150651	1	1	20.7830427219821	1	1
USF3	1	1	1	1	1	1	97.1835395228302	96.8191223527437
USP12	1	1	1	1	1	1	115.104886511874	150.004768539241
USP24	1	1	1	50.3594145003293	1	1	174.490592690098	139.939304882434
USP25	1	1	1	1	1	1	146.92483678901	183.264326262121
USP3.AS1	1	1	1	1	1	1	90.3763702492005	93.8671047647361
USP32	1	1	1	1	1	1	145.37146402504	150.867416774204
USP37	1	1	23.8881716075151	1	1	1	31.4567461690297	1
USP39	1	1	20.2994412786175	1	1	1	28.7412108949875	1
USP49	1	1	1	1	1	1	97.1100661642532	56.003410928907
UTP11	1	20.164691122092	27.7784454274611	1	1	22.1164459577254	1	1
VAV3	1	1	1	1	1	1	316.921195603033	231.561921308575
VEGFA	1	1	15.9747549865458	16.8995342210528	1	1	1	1
VPREB1	1	1	1	85.7787590611108	1	1	344.125036564111	364.985000067009
VPREB3	1	1	1	191.752207887499	1	1	810.504147720778	741.221843089538
VPS13B	26.1375313412824	1	1	61.9195415832436	1	1	562.219086124107	609.209672354822
VPS13D	1	1	1	1	1	1	119.419277083481	117.67636594006
VPS35L	1	1	1	19.4601647481965	1	1	35.0392947903273	1
VPS72	1	1	22.8776827542426	1	1	22.7483006709259	1	1
VPS8	1	1	1	1	1	1	81.4677449009367	100.487760702133
WAC.AS1	1	1	1	1	1	20.9325152687012	30.8712186490082	1
WASF1	1	1	1	46.6896561874327	1	1	452.312523167887	568.997037547957
WDFY1	1	1	1	1	1	1	79.0783551006976	52.7123052491615
WDFY2	1	1	1	1	1	1	170.541491491016	217.343000034148
WDFY4	1	1	1	1	1	1	208.25661244058	248.143092555246
WDPCP	1	1	1	1	1	1	264.753336654869	255.442124709357
WDR12	1	1	23.5193294721676	1	1	25.1064052011999	1	1
WDR34	1	1	66.5543986657815	129.667566142398	1	1	1	1
WDR36	1	1	1	1	1	21.5700435936021	28.7057212012505	1
WDR49	1	1	1	1	1	1	132.299615227815	140.360321207878
WDR7	1	1	1	1	1	1	109.998126952195	122.743071658607
WDR75	1	1	19.4126824700444	1	1	20.8525887560014	1	1
WDR76	1	1	40.1792207420324	24.9087639708788	1	1	1	1
WEE1	1	1	24.5062235560049	1	1	1	38.7215466355477	1
WWP2	1	1	1	43.3729363518341	1	1	154.996934543707	176.007083133447
XAB2	1	1	17.9702051098299	22.9119780520618	1	1	1	1
XRCC2	1	1	22.0623007940906	31.8478839484731	1	1	1	1
XYLT1	1	1	1	53.3717488436835	1	1	324.268140444881	307.031701438569
YEATS4	1	1	45.3858414936534	69.3439015093355	1	1	1	1
YIF1B	1	18.4545348550492	27.3234892863481	1	1	20.5597078665598	1	1
YPEL1	1	1	1	86.3195718401749	1	1	199.085644530471	293.809120553464
YTHDF3	1	1	1	1	1	1	80.8530627376786	103.591216328453
ZBTB40	1	1	18.5475376150959	1	1	1	1	47.5046079904324
ZC3H14	1	1	1	1	1	1	47.7873014219465	111.615276930769
ZDBF2	1	25.9667945689585	1	1	1	22.4171857941486	1	1
ZDHHC14	29.3295641450785	1	1	24.5909062063489	1	1	1	1
ZDHHC17	1	1	1	1	1	1	107.27866687269	112.677226887584
ZDHHC20	1	1	1	1	1	1	124.570970015309	130.004370100762
ZEB2	1	1	1	183.758624749731	1	1	2051.30128002018	2622.55327648356
ZHX2	1	1	1	133.466811032986	1	1	938.981302200065	1232.36283466459
ZMIZ1	1	1	1	1	1	1	103.352596762839	159.992500752374
ZNF10	1	1	1	27.3229846137542	1	1	50.7802317299092	1
ZNF107	1	1	1	1	1	1	224.725766577157	195.513332344533
ZNF124	1	1	1	1	1	1	104.026214479457	132.892014356401
ZNF215	1	26.3285410744872	23.3181859993958	1	1	1	1	1
ZNF254	1	1	1	1	1	1	173.295636557557	164.808439763874
ZNF407	1	1	1	35.1215849614162	1	1	211.837024273926	256.648756242259
ZNF439	1	1	1	1	1	1	93.9167904615999	107.095628888708
ZNF506	1	1	1	1	1	1	80.3948928365132	62.5148352652638
ZNF519	1	1	20.1078501619952	46.6896561874327	1	1	1	1
ZNF576	1	1	21.1324937693383	1	1	19.0265835169393	1	1
ZNF581	1	1	14.3780682290105	1	1	19.1499395189028	1	1
ZNF586	1	1	1	1	1	1	51.385557830704	120.356731012857
ZNF592	1	1	1	1	1	1	83.2362548843793	36.3155573466991
ZNF596	1	1	1	1	1	1	154.573338155946	234.652360418244
ZNF608	1	1	1	1	1	1	61.5646463782498	94.7537449134446
ZNF618	1	1	1	1	1	1	96.6627205946024	120.68113354607
ZNF688	20.9427436996222	1	1	25.7970130565875	1	1	1	1
ZNF708	1	1	1	1	1	1	101.911344506265	126.50630236522
ZNF713	1	1	1	1	1	1	83.3378684516912	68.3879332342866
ZNF75D	1	1	1	1	1	1	78.2611824426826	32.4775446696468
ZNF804A	38.7175409594856	1	1	1	1	46.3906812308776	1	1
ZNF814	1	1	1	1	1	1	65.1808435830258	94.7842335900841
ZNHIT2	1	1	16.9241724982371	1	1	20.7010007072293	1	1
ZSWIM6	1	1	1	56.3162747266938	1	1	279.427969766254	302.30726667872
ZWILCH	1	1	22.2543083669723	29.57626060888	1	1	1	1
ZWINT	1	1	67.552028311407	110.743721714211	1	1	1	1
ZXDC	1	1	1	1	1	1	89.1579056811521	75.421310013924
ZZEF1	1	1	1	1	1	1	99.1549274359128	102.643331149762
