Mixture	bd_highCXCR4_like	tn_lowCD74_like	bd_cycling_like	tn_cycling_like	bd_end_like	bd_lowCXCR4_like	bd_pb_like	tn_highCD74_like	P-value	Correlation	RMSE
p1	0	0.507650666238858	0.142430961320391	0	0.100230220729183	0.215127086360892	0.0345610653506755	0	0	0.124676430040539	1.00157793692136
p2	0.146922024074055	0.167067820942124	0.0152109323606759	0	0.189134970998931	0.456301462211018	0.0253627894131967	0	0	0.207330786492506	0.999113568100795
p3	0.575023181927119	0.0928539398399042	0	0.00459185202244534	0.309463813519225	0.013334164780632	0.00473304791067477	0	0	0.52376633448894	0.985708941959224
p4	0.336932960559094	0.140856014284503	0.0197003874821004	0	0.0804610188961901	0.410916548763895	0.0111330700142178	0	0	0.261997899273041	0.998481861711344
p5	0.336056973683855	0.117440608449197	0	0.015004863310122	0.291583645136021	0.224567540464445	0.0153463689563613	0	0	0.35890664762173	0.991931868471489
p6	0.0829003224397898	0.260753061227058	0	0	0.117274298365955	0.509208619219212	0.0298636987479849	0	0	0.0969682789638119	1.00600223240904
p7	0.167801939568328	0.00234170983372033	0.483469787215062	0.13398481271411	0	0.204395554276145	0	0.00800619639263416	0	0.362539713465467	0.947262139395825
p8	0.719399346614295	0	0	0.0310871555780733	0.0324812633749148	0.199924335064949	0.017107899367768	0	0	0.477879942781375	0.97960202095874
p9	0.387617927550907	0.0582299727768002	0	0.018319386608775	0.390557212522745	0.106513265319504	0.0387622352212692	0	0	0.256357579877097	0.991616031569151
p10	0.489719327643522	0.251840205554962	0.0180563009212654	0	0.051882207467003	0.176446947784944	0.0120550106283037	0	0	0.220240750700895	1.00138081632916
p11	0.173592844405332	0.525716492747278	0.102241987474106	0	0.112485276708197	0.0618777188971718	0.0240856797679158	0	0	0.255505297996756	0.993609766648445
p12	0.1825220885399	0.172585746634021	0.00964893305067627	0	0	0.618046849723485	0.0171963820519177	0	0	0.208221421234273	1.00037715777137
p13	0.573277759818054	0.114125278062503	0	0	0.204249080437759	0.0685466943697577	0.0398011873119264	0	0	0.291948049934524	0.989349838323368
p14	0.361816282365913	0	0.00990705261400694	0.0351549346708754	0.460072254185607	0.129886480045014	0.00316299611858367	0	0	0.360647951210582	0.990568201874448
p15	0.277216999930235	0.142767495218643	0.0548731561882634	0.0104678533327185	0.332642074220758	0.179235271864516	0.00279714924486549	0	0	0.163696505105502	1.00367800120938
p16	0.207069966998839	0.205881413436486	0	0	0.141043029106517	0.424112735028741	0.0218928554294168	0	0	0.185291253317995	1.00179530191064
p17	0.147192233180046	0.166619226714752	0.0591002293099254	0	0	0.612595894381392	0.0144924164138849	0	0	0.233414638210991	0.997368704599075
p18	0.651183781778115	0.0321306841391734	0	0.0115426517853546	0.037537453131577	0.251799509150416	0.0158059200153644	0	0	0.404422202228274	0.987667702468602
p19	0.0395620503624648	0.446898915538931	0	0	0	0.496001411693863	0.0175376224047414	0	0	0.0869627739592632	1.00797772887417
p20	0.394361171051108	0.0902873304558746	0.103170990803641	0	0	0.378074836054849	0.0341056716345268	0	0	0.211480800968096	0.994141019694972
p21	0.326330280419664	0.325133343405809	0.0507007565376225	0	0.0086736474419238	0.267823772707406	0.0213381994875743	0	0	0.132193585523925	1.00421798693717
p22	0.238148607413469	0.183327684610672	0	0	0.154329089035355	0.404385176737399	0.0198094422031043	0	0	0.195543691076505	1.00159656879627
p23	0	0.224748541558811	0.0537162054455698	0	0.139786619187806	0.556675013376056	0.0250736204317579	0	0	0.223327717878929	0.996463701700177
p24	0.308370728491794	0	0	0	0.341890256891106	0.324003236257961	0.0257357783591399	0	0.02	0.0646426763878406	1.00883571092507
p25	0.453618414135289	0.153513836880646	0	0	0.0845140201238032	0.297860434446704	0.0104932944135576	0	0	0.176506219040121	1.00411340354139
p26	0	0.0802489406082789	0.014800716572288	0	0.199048159462108	0.691583310504536	0.014318872852789	0	0	0.169641874971091	1.00260069905501
p27	0.11401100285343	0.137295670609288	0.341679981221843	0.041937832800258	0.325696707179907	0.0158204342073872	0.0235583711278874	0	0	0.326669380883122	0.96751091593313
p28	0.36590134114072	0.0893528981045744	0	0	0.0210031134405929	0.501191044288791	0.0225516030253216	0	0	0.175553488076384	1.00164659511487
p29	0.216781968792146	0.177029246703299	0	0	0.185827136534492	0.382661049489339	0.0377005984807239	0	0	0.115105740115725	1.00399921049132
p30	0.12852995735155	0.255934274418273	0.182381904061604	0	0	0.422498694197549	0.0106551699710247	0	0	0.199821971817255	0.995727534016738
p31	0.878952762213684	0	0	0	0.110649900052929	0	0.010397337733387	0	0	0.580205938149825	0.977468456709161
p32	0	0.209081621724538	0.318213225734126	0	0	0.472705152541336	0	0	0	0.261661935627131	0.983496298109974
p33	0.129419562632899	0.177779324282902	0.194391448647574	0	0.118351319278072	0.372688367653017	0.0073699775055369	0	0	0.178493361348688	0.99753427082871
p34	0.0509445822506713	0.0605146027901183	0	0	0	0.881371072016553	0.00716974294265743	0	0	0.136256387184275	1.00506205526255
p35	0.308402498509728	0.133354900323013	0	0.00905337656240504	0	0.544259470731809	0	0.0049297538730455	0	0.155260779213758	1.0047947016909
p36	0.200744359045506	0.0275230010263476	0.158505820730669	0	0.0671208865092721	0.516018044451398	0.0300878882368076	0	0	0.275244540198929	0.986361072482348
p37	0.338792133447063	0.124672783956466	0	0	0.0769377657391145	0.44625173797466	0.0133455788826965	0	0	0.257631727121781	0.998986688886823
p38	0	0.325094236910702	0.234130798091065	0	0	0.42679557655055	0.0139793884476835	0	0	0.174917599842733	0.996044006378298
p39	0	0.344418885375352	0.039251939956456	0	0.201897290160789	0.398957314449925	0.0154745700574778	0	0	0.158891786228169	1.00336439396371
p40	0.00406161118090472	0.271092488584147	0.0718451056740995	0	0	0.638495693177246	0.0145051013836028	0	0	0.211018198095504	0.998314272586113
p41	0.501622473923379	0.0708520026796921	0	0.012959670375037	0.313054490648265	0.067696875193693	0.0338144871799336	0	0	0.244975886561787	0.994255139350086
p42	0.444905365334558	0.167738684553857	0	0.00820158286581906	0.147234920059438	0.22206332727472	0.00985611991160712	0	0	0.286382575540485	0.998109489920372
p43	0.0280177868084783	0.327962417288731	0.135202714592081	0.00760183400727376	0.0855534477163613	0.408647400615611	0.00701439897146333	0	0	0.272497392846442	0.991436360782526
p44	0.477640748773755	0.0757019249908194	0.0272732426080609	0	0.0676092433925413	0.31542457601592	0.0363502642189039	0	0	0.276087500260652	0.99060900288767
p45	0.155621504779041	0.406495135153099	0.119368096473151	0.0305006845402702	0	0.275547762167407	0.0124668168870312	0	0	0.19435919885074	0.997095358520403
p46	0.135528503965958	0.0121736677448649	0.401310083458407	0.0340699973786511	0.0496672222903928	0.309004758874944	0.0582457662867831	0	0	0.262495402284736	0.972385201328807
p47	0	0.188281648840804	0.00164688844398838	0.010497339414469	0.0499665693066527	0.749607553994086	0	0	0	0.111476465727175	1.0072022474307
p48	0.192379860286187	0.243562297038873	0	0	0	0.541462603931582	0.0225952387433585	0	0	0.152754751595522	1.00331087486831
p49	0.0617603574489694	0.224093107705904	0	0	0.0330764649094663	0.674666542647545	0.00640352728811559	0	0	0.275108640365382	0.998841557961605
p50	0.178424901548382	0.354192418017652	0	0	0.0737197068722498	0.374623330421857	0.0190396431398597	0	0	0.136807893175304	1.00533858023625
p51	0.150355615454463	0.275921638980692	0.0759079973393933	0	0.0937805717563444	0.403709652180464	0	0.000324524288643116	0	0.188879682296698	1.00179439686623
p52	0.308893042117422	0	0.113579866931741	0	0.212860963375114	0.318625713904185	0.0460404136715384	0	0	0.121908939908875	1.0009037367987
p53	0.216563148565168	0.280376197682819	0.00967118697559288	0.00452260798204312	0.21955962727374	0.265330645782165	0.00397658573847257	0	0	0.217709242502357	1.00282351577477
p54	0.238666049027062	0.0765985540073259	0.0213616801854289	0.00029276430444463	0.0624985016986571	0.599827391406065	0.000755059371015913	0	0	0.220553521545277	1.00115548711557
p55	0.219269749079073	0.255084019166306	0	0	0.0615863159092342	0.434607479038077	0.0294524368073104	0	0.04	0.051348184129644	1.00914364880113
p56	0.318601118725011	0.104884810588619	0	0	0.287094614954643	0.273104304393751	0.0163151513379775	0	0	0.112679622382009	1.00699686068537
p57	0.138044475476936	0.184567575946694	0.168745526681203	0	0.177063602445018	0.317392161732874	0.0141866577172741	0	0	0.414950642793971	0.976190935734825
p58	0.576497981093533	0.166793623344955	0	0	0.0821974802860631	0.125740235283704	0.0487706799917447	0	0	0.179310569017544	0.99695145438513
p59	0.269077403325967	0.155895261423713	0	0.00691693474962322	0.0719295273659011	0.482101543781983	0.0140793293528123	0	0	0.19854638118627	1.00177208645363
p60	0.112296259325542	0.2719712528289	0.0121829211146864	0	0.0483363607561553	0.531182945596285	0.0240302603784303	0	0	0.164111779159951	1.00217824695097
p61	0.319408335970345	0.252882287588941	0	0	0.0172457586507592	0.410463617789954	0	0	0	0.22587628441911	1.00289675708242
p62	0.153953358134817	0.170856039663355	0.0501777847398194	0	0.201829910471659	0.417352932363449	0.00582997462690061	0	0	0.141949057716483	1.00497706962426
p63	0.231292723598058	0.135708516833341	0	0	0.161308916640672	0.467006797761982	0.00468304516594677	0	0	0.212168081668309	1.00281244464968
p64	0.253912949161533	0.176297940186503	0.0844236009396209	0	0.0280859894947921	0.441379276955038	0.0159002432625124	0	0	0.260616162152064	0.994620250201256
p65	0.65865422733206	0	0	0.00870260749687387	0.283605460863536	0.0164589763917997	0.0325787279157305	0	0	0.311003109987149	0.989146639016013
p66	0.685766572278204	0.0573723007489693	0	0.0196063087647545	0.17678777029596	0.0360202416118233	0.024446806300289	0	0	0.307535080494164	0.991318248081272
p67	0.149744938711458	0.248033476653146	0.0302609022210756	0	0.238762530968409	0.330349496642234	0.00284865480367711	0	0	0.257715582050023	0.999817390324327
p68	0.659274474434871	0.0270664390095409	0	0.00795691023267195	0.156928947164112	0.148773229158804	0	0	0	0.179185773338231	1.00438916120622
p69	0.0446508322828278	0.177533126982055	0.0354928441850139	0	0	0.734931088222172	0.0073921083279314	0	0	0.244369746327793	0.998295523491296
p70	0.237418646317453	0.221735510593663	0.0519231483268245	0	0.121948028104942	0.35666564226232	0.0103090243947983	0	0	0.348165451689867	0.992224886640437
p71	0.298415281102053	0.00561329747170273	0.0511806722360919	0	0.414297335968562	0.223612469912985	0.00688094330860589	0	0	0.379011951461572	0.989796759149893
p72	0	0.418471653968921	0	0	0.139245613754316	0.382249921200531	0.0600328110762321	0	0	0.0837883619399472	1.00515795455104
p73	0.359390781511721	0.151621443956539	0	0	0.111532418884608	0.369698090374948	0.00775726527218368	0	0	0.317543156606923	0.997209029173739
p74	0.558362003903939	0.246980400817059	0	0.0140711429871934	0.0444211150046534	0.13521236849691	0	0.000952968790245736	0	0.172424412247018	1.00510188328047
p75	0.12277277351873	0.267603900833779	0.0139291125605061	0	0.0739990331541259	0.516027555538001	0	0.00566762439485904	0	0.17294646232377	1.00418768561518
p76	0.410891350287392	0.141429411949432	0.0608692615467337	0.0291800249707205	0	0.357629951245721	0	0	0	0.360776775159868	0.988622606156969
p77	0.386930053931639	0.173924790730884	0	0.0201215254858882	0.163764941917541	0.24247578575939	0.0127829021746582	0	0	0.166757430918226	1.00360672652484
p78	0.691497494831778	0.0360507963579074	0	0.0374945596913998	0.0125710498158215	0.16798269683303	0.0544034024700638	0	0	0.228484600849988	0.988792682028575
p79	0.205431877911273	0.124039767714512	0	0	0.042881856300542	0.615393848815264	0	0.0122526492584095	0	0.187337968350217	1.00211743629929
p80	0.207923392672718	0.336800565027182	0.0413297988833161	0	0.0507068823298814	0.361061877584469	0.00217748350243358	0	0	0.283763987162541	0.998123127940627
p81	0.0901370160286774	0.282765200396112	0.0924689681188983	0	0.0808954413835728	0.431518647151895	0.0222147269208445	0	0	0.26634802098796	0.992641456641859
p82	0.0804408533193042	0.163290803203594	0	0	0.229372250617715	0.509702651785435	0.0171934410739516	0	0	0.25138908795085	0.998661576639479
p83	0.336501280549664	0.298364562413631	0.025930332054747	0	0.084368332268024	0.246020385183443	0.00881510753049095	0	0	0.188339258287073	1.00343787455788
p84	0.353229296482963	0.292419373524399	0	0	0.198509200930104	0.119919985522557	0.0359221435399768	0	0	0.114890059730178	1.0047335260226
p85	0.514386514568393	0.165010706906378	0.0068278266033655	0	0.284203424100214	0.0242169573277944	0.00535457049385586	0	0	0.379367158211983	0.994349545516219
p86	0.203188518079896	0.242424850027318	0.246019284194747	0.036764040425466	0.185523273916583	0.0860800333559901	0	0	0	0.254290299245582	0.986100749621398
p87	0	0.479282233600867	0.149722795135296	0.0145405102420517	0	0.356454461021786	0	0	0.01	0.0731313778056007	1.0082068832257
p88	0	0.302757201060837	0	0.0277150368124295	0.236408537991037	0.419192930444974	0.0139262936907226	0	0	0.166391419901966	1.00285195577504
p89	0.493391078442944	0.106429430508785	0	0.0252657657301134	0.243588594167342	0.125598360955161	0.00572677019565564	0	0	0.298422451277796	0.996473687699267
p90	0.307073061948274	0.35809670560396	0.00316249885440949	0	0.0357808408772802	0.262819594431269	0.0330672982848081	0	0	0.110628466634329	1.00507363093887
p91	0.246014197862566	0.243589582650899	0	0	0.0560477775822903	0.436432694790845	0.0179157471133998	0	0	0.146779979999938	1.00465200593094
p92	0.225291143270329	0.177736855667625	0	0	0.201085968056578	0.35184179704847	0.0440442359569988	0	0	0.12728540100246	1.00227747490692
p93	0.176742356765417	0.0872578852295037	0.00671675730249556	0	0	0.725131775209969	0.00415122549261545	0	0	0.27584280556592	0.997968705337724
p94	0.335203035022367	0.111227848010146	0.131987543681549	0	0.0803997748511962	0.315853389802409	0.025328408632333	0	0	0.189312358254223	0.996772814041714
p95	0.181994559083585	0.242643791234631	0.0237130920950552	0	0.0621640064152289	0.485297937808859	0.00418661336264096	0	0	0.212805363598182	1.00205535151861
p96	0.138637330581563	0.0935624531967393	0.0425219471599457	0	0.160669222596093	0.558905840830585	0.00570320563507351	0	0	0.384474835704162	0.990097800337544
p97	0	0.340052205724008	0.0705247075564624	0	0	0.561356978690356	0.0280661080291731	0	0	0.103926331267177	1.00447700086002
p98	0.583270867867234	0.0249400706224677	0	0.0229193906675881	0.00354167483548939	0.363263751096497	0.00206424491072462	0	0	0.242377984058978	0.999295445049683
p99	0	0.171962067726639	0.253962090238858	0	0	0.567205012188749	0.00687082984575382	0	0	0.109671679968165	1.00296306372015
p100	0.264559404454934	0.173316967841385	0	0	0.0538103438787683	0.502026405102091	0	0.00628687872282202	0	0.221597898323792	1.00186537775502
p101	0.219306381350549	0.163133322539404	0	0	0.0375886936275731	0.573886823477409	0.0060847790050642	0	0	0.267418182366822	0.999474286497853
p102	0.559772190902586	0.0360481341031798	0	0.0122937112171487	0.127281385148051	0.261252871203692	0.00335170742534278	0	0	0.494906042257018	0.985779816337214
p103	0.434246895198857	0	0.0326079897523634	0.0146566539022193	0.016650493414415	0.482544327642021	0.0192936400901244	0	0	0.394991864902529	0.985011856518689
p104	0.54638354706101	0.0217099263080592	0	0.00730553172765545	0.328709527152647	0.0692215890822527	0.0266698786683753	0	0	0.176190492391424	1.00118207383975
p105	0.259872516257295	0.0118205187718971	0.101399137483891	0	0.458585638165326	0.163122795873687	0.00519939344790414	0	0	0.244362203710922	0.99606916863096
p106	0.224614514262815	0.0688120780585083	0	0.00971110337947686	0.193567217778654	0.495974279733144	0.00732080678740172	0	0	0.170676292505926	1.00394108425655
p107	0.305636992002242	0.0365815552118893	0	0	0.279154684125983	0.350985030391732	0.0276417382681538	0	0	0.205065194452471	0.999140645665846
p108	0.351038701077541	0.016786092257623	0.0392457517738123	0	0.25323712544562	0.324073149974481	0.0156191794709225	0	0	0.30821004354455	0.99352248896025
p109	0.697762827395596	0.00585966503998946	0	0	0.213422943981326	0.0266346436459275	0.0563199199371618	0	0	0.263108163556727	0.986344250457761
p110	0.209118590638164	0.0510487185550404	0	0.0423852695080228	0.120732543174043	0.566644806107619	0.0100700720171106	0	0	0.159722455212277	1.00242956027311
p111	0.176255059534703	0.250214145391093	0.0212692465962131	0	0.215998937176437	0.322860060814982	0.0134025504865718	0	0	0.221785788732525	1.00085894891465
p112	0.384398613695774	0.282528619246349	0.0144842713788544	0	0.106601165092597	0.192012122849954	0.0199752077364725	0	0	0.221659912649962	1.00010148670966
p113	0.429573276161697	0.176418215503602	0	0	0.136739018420847	0.227041236748547	0.0302282531653065	0	0	0.164684194117895	1.00169464769723
p114	0.525836017056386	0.116422985991614	0	0.011754677753145	0.0892598171662799	0.254232329653091	0.00249417237948429	0	0	0.252129915236635	1.00025221535988
p115	0.525193052402694	0.109808289175815	0	0.017521914000091	0.115358801051903	0.229630846248314	0.00248709712118388	0	0	0.46255018331008	0.988043227490484
p116	0.0638524429225374	0.184684241126678	0.049949404096036	0	0.0733648468966132	0.612726327396605	0.015422737561531	0	0	0.206120326023718	0.999366929876672
p117	0.209882261029656	0.233627195277016	0	0	0.126393327225502	0.405111074554795	0.0249861419130306	0	0	0.181241482898878	1.00151504461126
p118	0.366833867164087	0.330037995500617	0	0	0.177365741360155	0.0695519769383032	0.0562104190368378	0	0	0.0938336362094161	1.00475502922543
p119	0	0.194395269494017	0.110720403041098	0	0.0418792914910643	0.642728426567321	0.0102766094064993	0	0	0.209561557501928	0.997150085745422
p120	0.27368635131218	0.283380172881658	0.0107211754227396	0	0.0485530926918918	0.364527286771196	0.0191319209203355	0	0	0.215812145175971	1.00046710446488
p121	0.369299806196436	0.262552507521822	0.0831005060505382	0	0.134436808452572	0.106495318616146	0.0441150531624863	0	0	0.0963858209867969	1.0043363838367
p122	0.3209912719453	0.242236150606264	0	0	0	0.423575299515283	0.0131972779331533	0	0	0.291050457521176	0.997713720484964
p123	0	0.080147985349569	0.124799924607713	0	0.00630480709924029	0.731835879528328	0.05691140341515	0	0	0.0993442205635533	1.00196758682096
